1.7	164	13	44	57	150	0	68	42	28	162	180	0	32	0	192	167	26	142	121	81	52	0	174	0	112	3372	57	162.5	0	35.4	1050	0.2	162	0.796	14.2	121	81	18.28	0.0	84.4	112	0	0	1	0	0	1	0	1	0	0	0	0	0	0	1	1	1	1	1	0	0	1	0	1	0	1	0	1	1	0	0	0	0	0	0	0	0	0	0	0	0	0	0	0	0	1	0	0	0	0	0	0	0	0	0	0
3.1	160	13	44	55	151	0	72	39	28	156	23	0	32	0	128	165	26	141	121	82	52	0	174	0	119	3372	55	163.9	0	36.9	975	0.2	156	0.102	14.1	121	82	18.28	0.0	84.4	119	0	0	0	0	0	1	0	1	0	0	0	0	0	0	0	1	1	0	1	0	0	1	0	1	0	1	0	1	1	0	0	0	0	0	0	0	0	0	0	0	0	0	0	0	0	1	0	0	0	0	0	0	0	0	0	0
4.6	160	13	44	55	151	0	71	39	28	161	167	0	32	0	160	165	26	141	121	84	52	0	174	0	125	3372	55	163.9	0	36.6	975	0.2	161	0.738	14.1	121	84	18.28	0.0	84.4	125	0	0	0	0	0	1	0	1	0	0	0	0	0	1	0	1	1	0	1	0	0	1	0	1	0	1	0	1	1	0	0	0	0	0	0	0	0	0	0	0	0	0	0	0	0	1	0	0	0	0	0	0	0	0	0	0
6.1	160	13	44	56	151	0	70	41	28	159	177	0	32	0	192	167	26	140	121	85	52	0	174	0	115	3372	56	163.9	0	36.2	1025	0.2	159	0.782	14.0	121	85	18.28	0.0	84.4	115	0	0	0	0	0	1	0	1	0	0	0	0	0	0	1	1	1	1	1	0	0	1	0	1	0	1	0	1	1	0	0	0	0	0	0	0	0	0	0	0	0	0	0	0	0	1	0	0	0	0	0	0	0	0	0	0
7.6	160	13	44	56	151	0	73	39	28	153	16	0	32	0	128	167	26	140	121	86	52	0	174	0	118	3372	56	163.9	0	37.3	975	0.2	153	0.071	14.0	121	86	18.28	0.0	84.4	118	0	0	0	0	0	1	0	1	0	0	0	0	0	0	0	1	1	1	1	0	0	1	0	1	0	1	0	1	1	0	0	0	0	0	0	0	0	0	0	0	0	0	0	0	0	1	0	0	0	0	0	0	0	0	0	0
9.0	160	13	44	56	151	0	71	40	28	163	15	0	32	0	224	167	26	141	121	87	52	0	174	0	115	3372	56	163.9	0	36.6	1000	0.2	163	0.066	14.1	121	87	18.28	0.0	84.4	115	0	0	0	0	0	1	0	1	0	0	0	0	0	1	1	1	1	1	1	0	0	1	0	1	0	1	0	1	1	0	0	0	0	0	0	0	0	0	0	0	0	0	0	0	0	1	0	0	0	0	0	0	0	0	0	0
10.5	164	13	44	56	151	0	70	40	28	159	163	0	32	0	160	164	26	140	121	88	52	0	174	0	118	3372	56	163.9	0	36.2	1000	0.2	159	0.720	14.0	121	88	18.28	0.0	84.4	118	0	0	1	0	0	1	0	1	0	0	0	0	0	1	0	1	0	0	1	0	0	1	0	1	0	1	0	1	1	0	0	0	0	0	0	0	0	0	0	0	0	0	0	0	0	1	0	0	0	0	0	0	0	0	0	0
12.0	164	13	44	54	152	0	70	39	28	160	162	0	32	0	160	164	26	141	121	90	52	0	174	0	120	3372	54	165.2	0	36.2	975	0.2	160	0.716	14.1	121	90	18.28	0.0	84.4	120	0	0	1	0	0	1	0	1	0	0	0	0	0	1	0	1	0	0	1	0	0	1	0	1	0	1	0	1	1	0	0	0	0	0	0	0	0	0	0	0	0	0	0	0	0	1	0	0	0	0	0	0	0	0	0	0
13.5	164	13	44	54	152	0	70	39	28	159	101	0	32	0	224	164	26	140	121	96	52	0	174	0	124	3372	54	165.2	0	36.2	975	0.2	159	0.446	14.0	121	96	18.28	0.0	84.4	124	0	0	1	0	0	1	0	1	0	0	0	0	0	1	1	1	0	0	1	0	0	1	0	1	0	1	0	1	1	0	0	0	0	0	0	0	0	0	0	0	0	0	0	0	0	1	0	0	0	0	0	0	0	0	0	0
14.9	160	13	44	54	152	0	71	40	28	161	44	0	32	0	128	164	26	139	121	96	52	0	174	0	120	3372	54	165.2	0	36.6	1000	0.2	161	0.194	13.9	121	96	18.28	0.0	84.4	120	0	0	0	0	0	1	0	1	0	0	0	0	0	0	0	1	0	0	1	0	0	1	0	1	0	1	0	1	1	0	0	0	0	0	0	0	0	0	0	0	0	0	0	0	0	1	0	0	0	0	0	0	0	0	0	0
16.4	160	13	44	54	152	0	69	42	28	162	161	0	32	0	192	164	26	139	121	97	52	0	174	0	110	3372	54	165.2	0	35.8	1050	0.2	162	0.712	13.9	121	97	18.28	0.0	84.4	110	0	0	0	0	0	1	0	1	0	0	0	0	0	0	1	1	0	0	1	0	0	1	0	1	0	1	0	1	1	0	0	0	0	0	0	0	0	0	0	0	0	0	0	0	0	1	0	0	0	0	0	0	0	0	0	0
17.9	160	13	44	54	152	0	71	39	28	154	34	0	32	0	160	39	26	138	121	99	52	0	174	0	140	3372	54	165.2	0	36.6	975	0.2	154	0.150	13.8	121	99	18.28	0.0	84.4	140	0	0	0	0	0	1	0	1	0	0	0	0	0	1	0	1	1	1	1	0	0	1	0	0	0	1	0	1	1	0	0	0	0	0	0	0	0	0	0	0	0	0	0	0	0	1	0	0	0	0	0	0	0	0	0	0
19.3	160	13	44	48	152	0	110	26	28	154	66	0	32	0	224	36	26	138	121	105	52	0	174	0	161	3372	48	165.2	0	50.9	650	0.2	154	0.292	13.8	121	105	18.28	0.0	84.4	161	0	0	0	0	0	1	0	1	0	0	0	0	0	1	1	1	0	0	1	0	0	1	0	0	0	1	0	1	1	0	0	0	0	0	0	0	0	0	0	0	0	0	0	0	0	1	0	0	0	0	0	0	0	0	0	0
20.8	164	13	44	63	153	0	97	34	28	152	193	0	32	0	192	38	26	140	121	105	52	0	174	0	161	3372	63	166.6	0	46.1	850	0.2	152	0.853	14.0	121	105	18.28	0.0	84.4	161	0	0	1	0	0	1	0	1	0	0	0	0	0	0	1	1	0	1	1	0	0	1	0	0	0	1	0	1	1	0	0	0	0	0	0	0	0	0	0	0	0	0	0	0	0	1	0	0	0	0	0	0	0	0	0	0
22.3	160	13	44	71	153	1	100	36	28	144	22	0	32	0	224	39	26	137	121	107	52	0	174	0	160	3372	71	166.6	1	47.3	900	0.2	144	0.097	13.7	121	107	18.28	0.0	84.4	160	0	0	0	0	0	1	0	1	0	0	0	0	0	1	1	1	1	1	1	0	0	1	0	0	0	1	0	1	1	0	0	0	0	0	0	0	0	0	0	0	0	0	0	0	0	1	0	0	0	0	0	0	0	0	0	0
23.7	160	13	44	74	153	2	101	37	28	144	179	0	32	0	224	39	26	138	121	110	52	0	174	0	163	3372	74	166.6	2	47.6	925	0.2	144	0.791	13.8	121	110	18.28	0.0	84.4	163	0	0	0	0	0	1	0	1	0	0	0	0	0	1	1	1	1	1	1	0	0	1	0	0	0	1	0	1	1	0	0	0	0	0	0	0	0	0	0	0	0	0	0	0	0	1	0	0	0	0	0	0	0	0	0	0
25.2	160	13	44	77	154	3	100	37	28	146	13	0	32	0	128	37	26	137	121	110	52	0	174	0	165	3372	77	167.9	3	47.3	925	0.2	146	0.057	13.7	121	110	18.28	0.0	84.4	165	0	0	0	0	0	1	0	1	0	0	0	0	0	0	0	1	1	0	1	0	0	1	0	0	0	1	0	1	1	0	0	0	0	0	0	0	0	0	0	0	0	0	0	0	0	1	0	0	0	0	0	0	0	0	0	0
26.7	160	13	44	81	154	3	97	37	28	151	139	0	32	0	160	36	26	136	121	112	52	0	174	0	162	3372	81	167.9	3	46.1	925	0.2	151	0.614	13.6	121	112	18.28	0.0	84.4	162	0	0	0	0	0	1	0	1	0	0	0	0	0	1	0	1	0	0	1	0	0	1	0	0	0	1	0	1	1	0	0	0	0	0	0	0	0	0	0	0	0	0	0	0	0	1	0	0	0	0	0	0	0	0	0	0
28.2	160	13	44	84	154	4	101	37	28	151	28	0	32	0	160	36	26	132	121	115	52	0	174	0	162	3372	84	167.9	4	47.6	925	0.2	151	0.124	13.2	121	115	18.28	0.0	84.4	162	0	0	0	0	0	1	0	1	0	0	0	0	0	1	0	1	0	0	1	0	0	1	0	0	0	1	0	1	1	0	0	0	0	0	0	0	0	0	0	0	0	0	0	0	0	1	0	0	0	0	0	0	0	0	0	0
29.6	160	13	44	87	154	4	103	37	28	151	19	0	32	0	128	37	26	138	121	117	52	0	174	0	172	3372	87	167.9	4	48.4	925	0.2	151	0.084	13.8	121	117	18.28	0.0	84.4	172	0	0	0	0	0	1	0	1	0	0	0	0	0	0	0	1	1	0	1	0	0	1	0	0	0	1	0	1	1	0	0	0	0	0	0	0	0	0	0	0	0	0	0	0	0	1	0	0	0	0	0	0	0	0	0	0
31.1	160	13	44	89	154	4	100	38	28	155	38	0	32	0	160	36	26	136	121	122	52	0	174	0	173	3372	89	167.9	4	47.3	950	0.2	155	0.168	13.6	121	122	18.28	0.0	84.4	173	0	0	0	0	0	1	0	1	0	0	0	0	0	1	0	1	0	0	1	0	0	1	0	0	0	1	0	1	1	0	0	0	0	0	0	0	0	0	0	0	0	0	0	0	0	1	0	0	0	0	0	0	0	0	0	0
32.6	160	13	44	90	154	3	100	39	28	161	174	0	32	0	224	36	26	137	121	123	52	0	173	0	171	3372	90	167.9	3	47.3	975	0.2	161	0.769	13.7	121	123	18.28	0.0	85.1	171	0	0	0	0	0	1	0	1	0	0	0	0	0	1	1	1	0	0	1	0	0	1	0	0	0	1	0	1	1	0	0	0	0	0	0	0	0	0	0	0	0	0	0	0	0	1	0	0	0	0	0	0	0	0	0	0
34.1	164	13	44	90	155	0	97	40	28	160	173	0	32	0	224	37	26	142	121	128	52	0	173	0	164	3372	90	169.3	0	46.1	1000	0.2	160	0.765	14.2	121	128	18.28	0.0	85.1	164	0	0	1	0	0	1	0	1	0	0	0	0	0	1	1	1	1	0	1	0	0	1	0	0	0	1	0	1	1	0	0	0	0	0	0	0	0	0	0	0	0	0	0	0	0	1	0	0	0	0	0	0	0	0	0	0
35.5	164	13	44	87	155	2	97	39	28	159	26	0	32	0	224	36	26	141	121	132	52	0	173	0	172	3372	87	169.3	2	46.1	975	0.2	159	0.115	14.1	121	132	18.28	0.0	85.1	172	0	0	1	0	0	1	0	1	0	0	0	0	0	1	1	1	0	0	1	0	0	1	0	0	0	1	0	1	1	0	0	0	0	0	0	0	0	0	0	0	0	0	0	0	0	1	0	0	0	0	0	0	0	0	0	0
37.0	160	13	44	86	155	3	91	41	28	160	181	0	32	0	192	36	26	142	121	136	52	0	173	0	160	3372	86	169.3	3	43.9	1025	0.2	160	0.800	14.2	121	136	18.28	0.0	85.1	160	0	0	0	0	0	1	0	1	0	0	0	0	0	0	1	1	0	0	1	0	0	1	0	0	0	1	0	1	1	0	0	0	0	0	0	0	0	0	0	0	0	0	0	0	0	1	0	0	0	0	0	0	0	0	0	0
38.5	160	13	44	86	155	4	94	41	28	161	33	0	32	0	160	36	26	139	121	138	52	0	173	0	162	3372	86	169.3	4	45.0	1025	0.2	161	0.146	13.9	121	138	18.28	0.0	85.1	162	0	0	0	0	0	1	0	1	0	0	0	0	0	1	0	1	0	0	1	0	0	1	0	0	0	1	0	1	1	0	0	0	0	0	0	0	0	0	0	0	0	0	0	0	0	1	0	0	0	0	0	0	0	0	0	0
39.9	164	13	44	86	155	4	97	39	28	163	26	0	32	0	160	36	26	139	121	141	52	0	173	0	167	3372	86	169.3	4	46.1	975	0.2	163	0.115	13.9	121	141	18.28	0.0	85.1	167	0	0	1	0	0	1	0	1	0	0	0	0	0	1	0	1	0	0	1	0	0	1	0	0	0	1	0	1	1	0	0	0	0	0	0	0	0	0	0	0	0	0	0	0	0	1	0	0	0	0	0	0	0	0	0	0
41.4	160	13	44	86	155	3	96	40	28	161	106	0	32	0	160	36	26	142	121	142	52	0	173	0	170	3372	86	169.3	3	45.8	1000	0.2	161	0.469	14.2	121	142	18.28	0.0	85.1	170	0	0	0	0	0	1	0	1	0	0	0	0	0	1	0	1	0	0	1	0	0	1	0	0	0	1	0	1	1	0	0	0	0	0	0	0	0	0	0	0	0	0	0	0	0	1	0	0	0	0	0	0	0	0	0	0
42.9	164	13	44	85	156	4	97	45	31	162	29	0	32	0	128	38	26	140	150	145	86	0	173	0	235	3372	85	170.6	4	46.1	1125	1.7	162	0.128	14.0	150	145	30.23	0.0	85.1	235	0	0	1	0	0	1	0	1	0	0	0	0	0	0	0	1	0	1	1	0	0	1	0	0	0	1	0	1	1	0	0	0	0	0	0	0	0	0	0	0	0	0	0	0	0	1	0	0	0	0	0	0	0	0	0	0
44.3	36	13	44	85	156	6	129	61	47	155	193	0	32	0	193	54	26	139	150	145	96	129	174	1	65	3372	85	170.6	6	58.0	1525	9.4	155	0.853	13.9	150	145	33.75	50.4	84.4	321	0	0	1	0	0	1	0	0	1	0	0	0	0	0	1	1	0	1	1	0	1	1	0	0	0	1	0	1	1	0	0	0	0	0	0	0	0	0	0	0	0	0	0	0	0	1	0	0	0	0	0	0	0	0	0	0
45.8	36	13	44	85	156	11	153	81	55	126	199	0	32	0	193	54	26	140	150	145	92	133	174	1	56	3372	85	170.6	11	66.8	2025	13.3	126	0.880	14.0	150	145	32.34	52.0	84.4	312	0	0	1	0	0	1	0	0	1	0	0	0	0	0	1	1	0	1	1	0	1	1	0	0	0	1	0	1	1	0	0	0	0	0	0	0	0	0	0	0	0	0	0	0	0	1	0	0	0	0	0	0	0	0	0	0
47.3	36	13	44	2	156	15	168	78	59	95	184	0	32	0	193	54	26	141	150	146	89	135	174	1	42	3372	2	170.6	15	72.3	1950	15.2	95	0.813	14.1	150	146	31.29	52.7	84.4	298	0	0	1	0	0	1	0	0	1	0	0	0	0	0	1	1	0	1	1	0	1	1	0	0	0	1	0	1	1	0	0	0	0	0	0	0	0	0	0	0	0	0	0	0	0	1	0	0	0	0	0	0	0	0	0	0
48.7	36	13	44	28	156	19	167	83	60	91	20	0	32	0	225	54	26	140	150	152	91	136	174	1	47	3372	28	170.6	19	72.0	2075	15.7	91	0.088	14.0	150	152	31.99	53.1	84.4	303	0	0	1	0	0	1	0	0	1	0	0	0	0	1	1	1	0	1	1	0	1	1	0	0	0	1	0	1	1	0	0	0	0	0	0	0	0	0	0	0	0	0	0	0	0	1	0	0	0	0	0	0	0	0	0	0
50.2	32	13	44	28	156	23	167	90	62	95	156	0	32	0	161	54	26	140	150	157	80	129	175	1	94	3372	28	170.6	23	72.0	2250	16.6	95	0.690	14.0	150	157	28.13	50.4	83.7	350	0	0	0	0	0	1	0	0	1	0	0	0	0	1	0	1	0	1	1	0	1	1	0	0	0	1	0	1	1	0	0	0	0	0	0	0	0	0	0	0	0	0	0	0	0	1	0	0	0	0	0	0	0	0	0	0
51.7	32	13	44	28	156	26	176	82	63	99	178	0	32	0	193	54	26	140	150	162	82	132	175	1	67	3372	28	170.6	26	75.3	2050	17.1	99	0.787	14.0	150	162	28.83	51.6	83.7	323	0	0	0	0	0	1	0	0	1	0	0	0	0	0	1	1	0	1	1	0	1	1	0	0	0	1	0	1	1	0	0	0	0	0	0	0	0	0	0	0	0	0	0	0	0	1	0	0	0	0	0	0	0	0	0	0
53.2	36	13	44	26	157	29	174	84	63	91	38	0	32	0	225	53	26	141	150	167	84	133	175	1	87	3372	26	171.9	29	74.6	2100	17.1	91	0.168	14.1	150	167	29.53	52.0	83.7	343	0	0	1	0	0	1	0	0	1	0	0	0	0	1	1	1	1	0	1	0	1	1	0	0	0	1	0	1	1	0	0	0	0	0	0	0	0	0	0	0	0	0	0	0	0	1	0	0	0	0	0	0	0	0	0	0
54.6	36	13	44	26	157	32	172	85	61	90	180	0	32	0	193	53	26	141	150	172	98	123	175	0	231	3372	26	171.9	32	73.8	2125	16.1	90	0.796	14.1	150	172	34.45	48.0	83.7	231	0	0	1	0	0	1	0	0	1	0	0	0	0	0	1	1	1	0	1	0	1	1	0	0	0	1	0	1	1	0	0	0	0	0	0	0	0	0	0	0	0	0	0	0	0	1	0	0	0	0	0	0	0	0	0	0
56.1	32	13	44	26	157	33	131	73	47	76	194	0	32	0	161	53	30	141	150	174	99	110	175	0	197	3372	26	171.9	33	58.7	1825	9.4	76	0.857	14.1	150	174	34.80	43.0	83.7	197	0	0	0	0	0	1	0	0	1	0	0	0	0	1	0	1	1	0	1	0	1	1	0	0	0	1	1	1	1	0	0	0	0	0	0	0	0	0	0	0	0	0	0	0	0	1	0	0	0	0	0	0	0	0	0	0
57.6	36	13	44	26	157	34	114	73	46	86	35	0	32	0	129	52	30	141	150	178	100	111	175	0	204	3372	26	171.9	34	52.4	1825	8.9	86	0.155	14.1	150	178	35.16	43.4	83.7	204	0	0	1	0	0	1	0	0	1	0	0	0	0	0	0	1	0	0	1	0	1	1	0	0	0	1	1	1	1	0	0	0	0	0	0	0	0	0	0	0	0	0	0	0	0	1	0	0	0	0	0	0	0	0	0	0
59.1	32	13	44	25	158	35	107	74	46	94	18	0	32	0	129	52	30	141	150	185	107	108	176	0	193	3372	25	173.3	35	49.8	1850	8.9	94	0.080	14.1	150	185	37.62	42.2	83.0	193	0	0	0	0	0	1	0	0	1	0	0	0	0	0	0	1	0	0	1	0	1	1	0	0	0	1	1	1	1	0	0	0	0	0	0	0	0	0	0	0	0	0	0	0	0	1	0	0	0	0	0	0	0	0	0	0
60.5	36	13	44	25	158	35	104	73	45	105	185	0	32	0	161	52	30	141	150	190	108	106	176	0	198	3372	25	173.3	35	48.7	1825	8.4	105	0.818	14.1	150	190	37.97	41.4	83.0	198	0	0	1	0	0	1	0	0	1	0	0	0	0	1	0	1	0	0	1	0	1	1	0	0	0	1	1	1	1	0	0	0	0	0	0	0	0	0	0	0	0	0	0	0	0	1	0	0	0	0	0	0	0	0	0	0
62.0	37	13	44	43	158	35	60	65	28	110	190	0	32	0	193	36	26	137	121	195	52	0	176	0	79	3372	43	173.3	35	32.5	1625	0.2	110	0.840	13.7	121	195	18.28	0.0	83.0	79	1	0	1	0	0	1	0	0	1	0	0	0	0	0	1	1	0	0	1	0	0	1	0	0	0	1	0	1	1	0	0	0	0	0	0	0	0	0	0	0	0	0	0	0	0	1	0	0	0	0	0	0	0	0	0	0
63.5	160	13	44	25	158	34	50	57	28	103	188	0	32	0	193	36	26	139	121	200	52	0	175	0	77	3372	25	173.3	34	28.8	1425	0.2	103	0.831	13.9	121	200	18.28	0.0	83.7	77	0	0	0	0	0	1	0	1	1	0	0	0	0	0	1	1	0	0	1	0	0	1	0	0	0	1	0	1	1	0	0	0	0	0	0	0	0	0	0	0	0	0	0	0	0	1	0	0	0	0	0	0	0	0	0	0
65.0	161	13	44	25	159	31	59	49	28	108	3	0	32	0	128	36	26	139	121	200	52	0	175	0	94	3372	25	174.7	31	32.1	1225	0.2	108	0.013	13.9	121	200	18.28	0.0	83.7	94	1	0	0	0	0	1	0	1	0	0	0	0	0	0	0	1	0	0	1	0	0	1	0	0	0	1	0	1	1	0	0	0	0	0	0	0	0	0	0	0	0	0	0	0	0	1	0	0	0	0	0	0	0	0	0	0
66.4	160	13	44	25	159	26	61	44	28	129	10	0	32	0	128	36	26	139	121	202	52	0	175	0	104	3372	25	174.7	26	32.9	1100	0.2	129	0.044	13.9	121	202	18.28	0.0	83.7	104	0	0	0	0	0	1	0	1	0	0	0	0	0	0	0	1	0	0	1	0	0	1	0	0	0	1	0	1	1	0	0	0	0	0	0	0	0	0	0	0	0	0	0	0	0	1	0	0	0	0	0	0	0	0	0	0
67.9	160	13	44	25	160	22	71	39	28	138	3	0	32	0	128	36	26	139	121	202	52	0	175	0	131	3372	25	176.0	22	36.6	975	0.2	138	0.013	13.9	121	202	18.28	0.0	83.7	131	0	0	0	0	0	1	0	1	0	0	0	0	0	0	0	1	0	0	1	0	0	1	0	0	0	1	0	1	1	0	0	0	0	0	0	0	0	0	0	0	0	0	0	0	0	1	0	0	0	0	0	0	0	0	0	0
69.4	160	13	44	26	160	16	88	35	28	144	14	0	32	0	224	39	26	140	121	205	52	0	175	0	124	3372	26	176.0	16	42.8	875	0.2	144	0.062	14.0	121	205	18.28	0.0	83.7	124	0	0	0	0	0	1	0	1	0	0	0	0	0	1	1	1	1	1	1	0	0	1	0	0	0	1	0	1	1	0	0	0	0	0	0	0	0	0	0	0	0	0	0	0	0	1	0	0	0	0	0	0	0	0	0	0
70.8	160	13	44	31	160	11	86	36	28	143	10	0	32	0	160	36	26	140	121	208	52	0	175	0	155	3372	31	176.0	11	42.1	900	0.2	143	0.044	14.0	121	208	18.28	0.0	83.7	155	0	0	0	0	0	1	0	1	0	0	0	0	0	1	0	1	0	0	1	0	0	1	0	0	0	1	0	1	1	0	0	0	0	0	0	0	0	0	0	0	0	0	0	0	0	1	0	0	0	0	0	0	0	0	0	0
72.3	160	13	44	35	160	8	93	36	28	145	164	0	32	0	192	38	26	140	121	212	52	0	175	0	150	3372	35	176.0	8	44.7	900	0.2	145	0.725	14.0	121	212	18.28	0.0	83.7	150	0	0	0	0	0	1	0	1	0	0	0	0	0	0	1	1	0	1	1	0	0	1	0	0	0	1	0	1	1	0	0	0	0	0	0	0	0	0	0	0	0	0	0	0	0	1	0	0	0	0	0	0	0	0	0	0
73.8	160	13	44	38	161	5	95	37	28	144	45	0	32	0	160	38	26	139	121	214	52	0	174	0	160	3372	38	177.4	5	45.4	925	0.2	144	0.199	13.9	121	214	18.28	0.0	84.4	160	0	0	0	0	0	1	0	1	0	0	0	0	0	1	0	1	0	1	1	0	0	1	0	0	0	1	0	1	1	0	0	0	0	0	0	0	0	0	0	0	0	0	0	0	0	1	0	0	0	0	0	0	0	0	0	0
75.3	160	13	44	42	161	3	98	38	28	147	169	0	32	0	160	38	26	140	121	216	52	0	174	0	161	3372	42	177.4	3	46.5	950	0.2	147	0.747	14.0	121	216	18.28	0.0	84.4	161	0	0	0	0	0	1	0	1	0	0	0	0	0	1	0	1	0	1	1	0	0	1	0	0	0	1	0	1	1	0	0	0	0	0	0	0	0	0	0	0	0	0	0	0	0	1	0	0	0	0	0	0	0	0	0	0
76.7	160	13	44	45	162	0	98	38	28	151	7	0	32	0	128	39	26	139	121	216	52	0	174	0	160	3372	45	178.7	0	46.5	950	0.2	151	0.031	13.9	121	216	18.28	0.0	84.4	160	0	0	0	0	0	1	0	1	0	0	0	0	0	0	0	1	1	1	1	0	0	1	0	0	0	1	0	1	1	0	0	0	0	0	0	0	0	0	0	0	0	0	0	0	0	1	0	0	0	0	0	0	0	0	0	0
78.2	164	13	44	49	162	0	99	38	28	155	186	0	32	0	224	37	26	141	150	222	74	113	174	1	29	3372	49	178.7	0	46.9	950	0.2	155	0.822	14.1	150	222	26.02	44.1	84.4	285	0	0	1	0	0	1	0	1	0	0	0	0	0	1	1	1	1	0	1	0	0	1	0	0	0	1	0	1	1	0	0	0	0	0	0	0	0	0	0	0	0	0	0	0	0	1	0	0	0	0	0	0	0	0	0	0
79.7	36	13	44	49	162	2	163	69	53	125	194	0	32	0	193	52	26	141	150	225	93	132	174	1	43	3372	49	178.7	2	70.5	1725	12.3	125	0.857	14.1	150	225	32.70	51.6	84.4	299	0	0	1	0	0	1	0	0	1	0	0	0	0	0	1	1	0	0	1	0	1	1	0	0	0	1	0	1	1	0	0	0	0	0	0	0	0	0	0	0	0	0	0	0	0	1	0	0	0	0	0	0	0	0	0	0
81.1	36	13	44	48	162	10	165	82	58	98	18	0	32	0	225	54	26	141	150	228	94	139	174	1	47	3372	48	178.7	10	71.2	2050	14.7	98	0.080	14.1	150	228	33.05	54.3	84.4	303	0	0	1	0	0	1	0	0	1	0	0	0	0	1	1	1	0	1	1	0	1	1	0	0	0	1	0	1	1	0	0	0	0	0	0	0	0	0	0	0	0	0	0	0	0	1	0	0	0	0	0	0	0	0	0	0
82.6	32	13	44	47	162	15	182	83	63	101	16	0	32	0	225	55	26	141	150	234	78	133	175	1	76	3372	47	178.7	15	77.5	2075	17.1	101	0.071	14.1	150	234	27.42	52.0	83.7	332	0	0	0	0	0	1	0	0	1	0	0	0	0	1	1	1	1	1	1	0	1	1	0	0	0	1	0	1	1	0	0	0	0	0	0	0	0	0	0	0	0	0	0	0	0	1	0	0	0	0	0	0	0	0	0	0
84.1	32	13	44	47	163	20	177	89	64	104	166	0	32	0	161	55	26	141	150	240	82	138	175	1	1	3372	47	180.1	20	75.7	2225	17.6	104	0.734	14.1	150	240	28.83	53.9	83.7	257	0	0	0	0	0	1	0	0	1	0	0	0	0	1	0	1	1	1	1	0	1	1	0	0	0	1	0	1	1	0	0	0	0	0	0	0	0	0	0	0	0	0	0	0	0	1	0	0	0	0	0	0	0	0	0	0
85.6	32	13	44	47	163	24	153	73	47	102	171	0	32	0	193	39	26	140	150	244	91	101	175	0	206	3372	47	180.1	24	66.8	1825	9.4	102	0.756	14.0	150	244	31.99	39.5	83.7	206	0	0	0	0	0	1	0	0	1	0	0	0	0	0	1	1	1	1	1	0	0	1	0	0	0	1	0	1	1	0	0	0	0	0	0	0	0	0	0	0	0	0	0	0	0	1	0	0	0	0	0	0	0	0	0	0
87.0	32	13	44	47	164	26	118	66	44	107	8	0	32	0	129	39	26	141	121	245	52	0	175	0	115	3372	47	181.4	26	53.9	1650	7.9	107	0.035	14.1	121	245	18.28	0.0	83.7	115	0	0	0	0	0	1	0	0	1	0	0	0	0	0	0	1	1	1	1	0	0	1	0	0	0	1	0	1	1	0	0	0	0	0	0	0	0	0	0	0	0	0	0	0	0	1	0	0	0	0	0	0	0	0	0	0
88.5	164	13	44	59	164	26	79	50	28	116	2	0	32	0	129	39	26	139	121	246	52	0	175	0	120	3372	59	181.4	26	39.5	1250	0.2	116	0.009	13.9	121	246	18.28	0.0	83.7	120	0	0	1	0	0	1	0	1	1	0	0	0	0	0	0	1	1	1	1	0	0	1	0	0	0	1	0	1	1	0	0	0	0	0	0	0	0	0	0	0	0	0	0	0	0	1	0	0	0	0	0	0	0	0	0	0
90.0	160	13	44	47	164	24	78	47	28	134	3	0	32	0	128	39	26	139	121	246	52	0	175	0	132	3372	47	181.4	24	39.1	1175	0.2	134	0.013	13.9	121	246	18.28	0.0	83.7	132	0	0	0	0	0	1	0	1	0	0	0	0	0	0	0	1	1	1	1	0	0	1	0	0	0	1	0	1	1	0	0	0	0	0	0	0	0	0	0	0	0	0	0	0	0	1	0	0	0	0	0	0	0	0	0	0
91.4	164	13	44	47	165	22	83	44	28	146	8	0	32	0	128	39	26	140	121	246	52	0	175	0	143	3372	47	182.8	22	41.0	1100	0.2	146	0.035	14.0	121	246	18.28	0.0	83.7	143	0	0	1	0	0	1	0	1	0	0	0	0	0	0	0	1	1	1	1	0	0	1	0	0	0	1	0	1	1	0	0	0	0	0	0	0	0	0	0	0	0	0	0	0	0	1	0	0	0	0	0	0	0	0	0	0
92.9	160	13	44	47	165	18	88	42	28	156	9	0	32	0	128	39	26	139	121	246	52	0	174	0	147	3372	47	182.8	18	42.8	1050	0.2	156	0.040	13.9	121	246	18.28	0.0	84.4	147	0	0	0	0	0	1	0	1	0	0	0	0	0	0	0	1	1	1	1	0	0	1	0	0	0	1	0	1	1	0	0	0	0	0	0	0	0	0	0	0	0	0	0	0	0	1	0	0	0	0	0	0	0	0	0	0
94.4	160	13	44	47	165	17	89	41	28	160	90	0	32	0	224	39	26	139	121	251	52	0	174	0	156	3372	47	182.8	17	43.2	1025	0.2	160	0.398	13.9	121	251	18.28	0.0	84.4	156	0	0	0	0	0	1	0	1	0	0	0	0	0	1	1	1	1	1	1	0	0	1	0	0	0	1	0	1	1	0	0	0	0	0	0	0	0	0	0	0	0	0	0	0	0	1	0	0	0	0	0	0	0	0	0	0
95.8	160	13	44	47	165	14	89	47	28	161	121	0	32	0	224	39	26	140	121	255	52	0	174	0	143	3372	47	182.8	14	43.2	1175	0.2	161	0.535	14.0	121	255	18.28	0.0	84.4	143	0	0	0	0	0	1	0	1	0	0	0	0	0	1	1	1	1	1	1	0	0	1	0	0	0	1	0	1	1	0	0	0	0	0	0	0	0	0	0	0	0	0	0	0	0	1	0	0	0	0	0	0	0	0	0	0
97.3	164	13	44	47	165	12	86	44	28	158	107	0	32	0	224	39	26	141	121	1	52	0	174	0	141	3372	47	182.8	12	42.1	1100	0.2	158	0.473	14.1	121	1	18.28	0.0	84.4	141	0	0	1	0	0	1	0	1	0	0	0	0	0	1	1	1	1	1	1	0	0	1	0	0	0	1	0	1	1	0	0	0	0	0	0	0	0	0	0	0	0	0	0	0	0	1	0	0	0	0	0	0	0	0	0	0
98.8	160	13	44	47	166	13	85	44	28	154	172	0	32	0	224	39	26	139	121	4	52	0	174	0	147	3372	47	184.1	13	41.7	1100	0.2	154	0.760	13.9	121	4	18.28	0.0	84.4	147	0	0	0	0	0	1	0	1	0	0	0	0	0	1	1	1	1	1	1	0	0	1	0	0	0	1	0	1	1	0	0	0	0	0	0	0	0	0	0	0	0	0	0	0	0	1	0	0	0	0	0	0	0	0	0	0
100.3	160	13	44	47	166	12	87	42	28	157	25	0	32	0	160	39	26	142	121	9	52	0	174	0	146	3372	47	184.1	12	42.5	1050	0.2	157	0.111	14.2	121	9	18.28	0.0	84.4	146	0	0	0	0	0	1	0	1	0	0	0	0	0	1	0	1	1	1	1	0	0	1	0	0	0	1	0	1	1	0	0	0	0	0	0	0	0	0	0	0	0	0	0	0	0	1	0	0	0	0	0	0	0	0	0	0
101.8	164	13	44	47	167	11	86	42	28	156	15	0	32	0	160	39	26	142	121	10	52	0	174	0	144	3372	47	185.4	11	42.1	1050	0.2	156	0.066	14.2	121	10	18.28	0.0	84.4	144	0	0	1	0	0	1	0	1	0	0	0	0	0	1	0	1	1	1	1	0	0	1	0	0	0	1	0	1	1	0	0	0	0	0	0	0	0	0	0	0	0	0	0	0	0	1	0	0	0	0	0	0	0	0	0	0
103.2	160	13	44	47	167	12	85	43	28	159	52	0	32	0	224	39	26	141	121	13	52	0	174	0	142	3372	47	185.4	12	41.7	1075	0.2	159	0.230	14.1	121	13	18.28	0.0	84.4	142	0	0	0	0	0	1	0	1	0	0	0	0	0	1	1	1	1	1	1	0	0	1	0	0	0	1	0	1	1	0	0	0	0	0	0	0	0	0	0	0	0	0	0	0	0	1	0	0	0	0	0	0	0	0	0	0
104.7	160	13	44	47	167	12	84	43	28	155	14	0	32	0	160	39	26	141	121	14	52	0	174	0	144	3372	47	185.4	12	41.4	1075	0.2	155	0.062	14.1	121	14	18.28	0.0	84.4	144	0	0	0	0	0	1	0	1	0	0	0	0	0	1	0	1	1	1	1	0	0	1	0	0	0	1	0	1	1	0	0	0	0	0	0	0	0	0	0	0	0	0	0	0	0	1	0	0	0	0	0	0	0	0	0	0
106.2	160	13	44	47	167	12	88	43	28	159	155	0	32	0	224	39	26	139	121	22	52	0	174	0	154	3372	47	185.4	12	42.8	1075	0.2	159	0.685	13.9	121	22	18.28	0.0	84.4	154	0	0	0	0	0	1	0	1	0	0	0	0	0	1	1	1	1	1	1	0	0	1	0	0	0	1	0	1	1	0	0	0	0	0	0	0	0	0	0	0	0	0	0	0	0	1	0	0	0	0	0	0	0	0	0	0
107.6	164	13	44	47	168	9	94	39	28	159	13	0	32	0	162	39	26	140	121	27	52	0	173	0	151	3372	47	186.8	9	45.0	975	0.2	159	0.057	14.0	121	27	18.28	0.0	85.1	151	0	0	1	0	0	1	0	1	0	1	0	0	0	1	0	1	1	1	1	0	0	1	0	0	0	1	0	1	1	0	0	0	0	0	0	0	0	0	0	0	0	0	0	0	0	1	0	0	0	0	0	0	0	0	0	0
109.1	160	13	44	47	168	5	94	39	28	155	19	0	32	0	162	38	26	140	121	29	52	0	173	0	160	3372	47	186.8	5	45.0	975	0.2	155	0.084	14.0	121	29	18.28	0.0	85.1	160	0	0	0	0	0	1	0	1	0	1	0	0	0	1	0	1	0	1	1	0	0	1	0	0	0	1	0	1	1	0	0	0	0	0	0	0	0	0	0	0	0	0	0	0	0	1	0	0	0	0	0	0	0	0	0	0
110.6	160	13	44	49	168	3	98	38	28	153	174	0	32	0	194	39	26	140	121	29	52	0	173	0	162	3372	49	186.8	3	46.5	950	0.2	153	0.769	14.0	121	29	18.28	0.0	85.1	162	0	0	0	0	0	1	0	1	0	1	0	0	0	0	1	1	1	1	1	0	0	1	0	0	0	1	0	1	1	0	0	0	0	0	0	0	0	0	0	0	0	0	0	0	0	1	0	0	0	0	0	0	0	0	0	0
112.0	164	13	44	53	169	0	97	39	28	151	8	0	32	0	226	36	26	141	122	31	52	0	173	0	155	3372	53	188.2	0	46.1	975	0.2	151	0.035	14.1	122	31	18.28	0.0	85.1	155	0	0	1	0	0	1	0	1	0	1	0	0	0	1	1	1	0	0	1	0	0	1	0	0	0	1	0	1	1	0	0	0	0	0	0	0	0	0	0	0	0	0	0	0	0	1	0	0	0	0	0	0	0	0	0	0
113.5	160	13	44	53	169	0	103	40	32	148	9	0	32	0	226	37	26	141	150	33	81	99	173	0	234	3372	53	188.2	0	48.4	1000	2.1	148	0.040	14.1	150	33	28.48	38.7	85.1	234	0	0	0	0	0	1	0	1	0	1	0	0	0	1	1	1	1	0	1	0	0	1	0	0	0	1	0	1	1	0	0	0	0	0	0	0	0	0	0	0	0	0	0	0	0	1	0	0	0	0	0	0	0	0	0	0
115.0	36	13	44	58	169	3	119	57	37	131	194	0	32	0	193	37	26	141	122	34	52	0	173	0	155	3372	58	188.2	3	54.3	1425	4.6	131	0.857	14.1	122	34	18.28	0.0	85.1	155	0	0	1	0	0	1	0	0	1	0	0	0	0	0	1	1	1	0	1	0	0	1	0	0	0	1	0	1	1	0	0	0	0	0	0	0	0	0	0	0	0	0	0	0	0	1	0	0	0	0	0	0	0	0	0	0
116.5	160	13	44	78	169	7	99	48	28	135	1	0	32	0	128	38	26	140	122	34	52	0	173	0	155	3372	78	188.2	7	46.9	1200	0.2	135	0.004	14.0	122	34	18.28	0.0	85.1	155	0	0	0	0	0	1	0	1	0	0	0	0	0	0	0	1	0	1	1	0	0	1	0	0	0	1	0	1	1	0	0	0	0	0	0	0	0	0	0	0	0	0	0	0	0	1	0	0	0	0	0	0	0	0	0	0
117.9	160	13	44	64	169	5	96	41	28	146	5	0	32	0	128	37	26	139	122	34	52	0	173	0	165	3372	64	188.2	5	45.8	1025	0.2	146	0.022	13.9	122	34	18.28	0.0	85.1	165	0	0	0	0	0	1	0	1	0	0	0	0	0	0	0	1	1	0	1	0	0	1	0	0	0	1	0	1	1	0	0	0	0	0	0	0	0	0	0	0	0	0	0	0	0	1	0	0	0	0	0	0	0	0	0	0
119.4	160	13	44	58	170	3	98	40	28	152	60	0	32	0	162	37	26	140	122	38	52	0	173	0	166	3372	58	189.5	3	46.5	1000	0.2	152	0.265	14.0	122	38	18.28	0.0	85.1	166	0	0	0	0	0	1	0	1	0	1	0	0	0	1	0	1	1	0	1	0	0	1	0	0	0	1	0	1	1	0	0	0	0	0	0	0	0	0	0	0	0	0	0	0	0	1	0	0	0	0	0	0	0	0	0	0
120.9	164	13	44	58	170	0	98	40	28	153	17	0	32	0	224	37	26	140	122	49	52	0	173	0	163	3372	58	189.5	0	46.5	1000	0.2	153	0.075	14.0	122	49	18.28	0.0	85.1	163	0	0	1	0	0	1	0	1	0	0	0	0	0	1	1	1	1	0	1	0	0	1	0	0	0	1	0	1	1	0	0	0	0	0	0	0	0	0	0	0	0	0	0	0	0	1	0	0	0	0	0	0	0	0	0	0
122.4	164	13	44	58	170	0	98	40	28	153	172	0	32	0	226	37	26	139	122	51	52	0	173	0	164	3372	58	189.5	0	46.5	1000	0.2	153	0.760	13.9	122	51	18.28	0.0	85.1	164	0	0	1	0	0	1	0	1	0	1	0	0	0	1	1	1	1	0	1	0	0	1	0	0	0	1	0	1	1	0	0	0	0	0	0	0	0	0	0	0	0	0	0	0	0	1	0	0	0	0	0	0	0	0	0	0
123.8	160	13	44	58	171	0	99	41	28	152	13	0	32	0	128	37	26	136	122	57	52	0	173	0	171	3372	58	190.9	0	46.9	1025	0.2	152	0.057	13.6	122	57	18.28	0.0	85.1	171	0	0	0	0	0	1	0	1	0	0	0	0	0	0	0	1	1	0	1	0	0	1	0	0	0	1	0	1	1	0	0	0	0	0	0	0	0	0	0	0	0	0	0	0	0	1	0	0	0	0	0	0	0	0	0	0
125.3	164	13	44	58	171	2	98	41	28	154	53	0	32	0	160	37	26	141	122	61	52	0	173	0	239	3372	58	190.9	2	46.5	1025	0.2	154	0.234	14.1	122	61	18.28	0.0	85.1	239	0	0	1	0	0	1	0	1	0	0	0	0	0	1	0	1	1	0	1	0	0	1	0	0	0	1	0	1	1	0	0	0	0	0	0	0	0	0	0	0	0	0	0	0	0	1	0	0	0	0	0	0	0	0	0	0
126.8	36	13	44	58	171	2	158	66	53	146	197	0	32	0	195	53	26	141	150	63	58	133	173	1	110	3372	58	190.9	2	68.7	1650	12.3	146	0.871	14.1	150	63	20.39	52.0	85.1	366	0	0	1	0	0	1	0	0	1	1	0	0	0	0	1	1	1	0	1	0	1	1	0	0	0	1	0	1	1	0	0	0	0	0	0	0	0	0	0	0	0	0	0	0	0	1	0	0	0	0	0	0	0	0	0	0
128.2	32	13	44	58	171	11	181	93	67	112	175	0	32	0	193	53	26	141	150	65	81	138	173	1	121	3372	58	190.9	11	77.1	2325	19.0	112	0.774	14.1	150	65	28.48	53.9	85.1	377	0	0	0	0	0	1	0	0	1	0	0	0	0	0	1	1	1	0	1	0	1	1	0	0	0	1	0	1	1	0	0	0	0	0	0	0	0	0	0	0	0	0	0	0	0	1	0	0	0	0	0	0	0	0	0	0
129.7	36	13	44	58	171	18	197	98	76	110	48	0	32	0	193	37	26	140	150	70	64	119	174	1	214	3372	58	190.9	18	83.0	2450	23.4	110	0.212	14.0	150	70	22.50	46.5	84.4	470	0	0	1	0	0	1	0	0	1	0	0	0	0	0	1	1	1	0	1	0	0	1	0	0	0	1	0	1	1	0	0	0	0	0	0	0	0	0	0	0	0	0	0	0	0	1	0	0	0	0	0	0	0	0	0	0
131.2	164	13	44	86	171	23	64	71	28	99	114	0	32	0	161	37	26	141	122	74	52	0	174	0	135	3372	86	190.9	23	34.0	1775	0.2	99	0.504	14.1	122	74	18.28	0.0	84.4	135	0	0	1	0	0	1	0	1	1	0	0	0	0	1	0	1	1	0	1	0	0	1	0	0	0	1	0	1	1	0	0	0	0	0	0	0	0	0	0	0	0	0	0	0	0	1	0	0	0	0	0	0	0	0	0	0
132.7	164	13	44	58	172	23	86	47	28	137	13	0	32	0	128	37	26	139	122	74	52	0	174	0	141	3372	58	192.2	23	42.1	1175	0.2	137	0.057	13.9	122	74	18.28	0.0	84.4	141	0	0	1	0	0	1	0	1	0	0	0	0	0	0	0	1	1	0	1	0	0	1	0	0	0	1	0	1	1	0	0	0	0	0	0	0	0	0	0	0	0	0	0	0	0	1	0	0	0	0	0	0	0	0	0	0
134.1	161	13	44	58	172	20	89	44	28	148	18	0	32	0	128	37	26	140	122	74	52	0	173	0	154	3372	58	192.2	20	43.2	1100	0.2	148	0.080	14.0	122	74	18.28	0.0	85.1	154	1	0	0	0	0	1	0	1	0	0	0	0	0	0	0	1	1	0	1	0	0	1	0	0	0	1	0	1	1	0	0	0	0	0	0	0	0	0	0	0	0	0	0	0	0	1	0	0	0	0	0	0	0	0	0	0
135.6	164	13	44	58	172	16	92	42	28	154	141	0	32	0	224	37	26	140	122	83	52	0	173	0	149	3372	58	192.2	16	44.3	1050	0.2	154	0.623	14.0	122	83	18.28	0.0	85.1	149	0	0	1	0	0	1	0	1	0	0	0	0	0	1	1	1	1	0	1	0	0	1	0	0	0	1	0	1	1	0	0	0	0	0	0	0	0	0	0	0	0	0	0	0	0	1	0	0	0	0	0	0	0	0	0	0
137.1	160	13	44	58	172	13	87	44	28	150	180	0	32	0	192	37	26	139	122	86	52	0	173	0	155	3372	58	192.2	13	42.5	1100	0.2	150	0.796	13.9	122	86	18.28	0.0	85.1	155	0	0	0	0	0	1	0	1	0	0	0	0	0	0	1	1	1	0	1	0	0	1	0	0	0	1	0	1	1	0	0	0	0	0	0	0	0	0	0	0	0	0	0	0	0	1	0	0	0	0	0	0	0	0	0	0
138.5	161	13	44	58	173	9	95	41	28	153	16	0	32	0	128	37	26	140	122	86	52	0	173	0	157	3372	58	193.6	9	45.4	1025	0.2	153	0.071	14.0	122	86	18.28	0.0	85.1	157	1	0	0	0	0	1	0	1	0	0	0	0	0	0	0	1	1	0	1	0	0	1	0	0	0	1	0	1	1	0	0	0	0	0	0	0	0	0	0	0	0	0	0	0	0	1	0	0	0	0	0	0	0	0	0	0
140.0	160	13	44	58	173	6	95	40	28	157	133	0	32	0	160	37	26	139	122	88	52	0	173	0	162	3372	58	193.6	6	45.4	1000	0.2	157	0.588	13.9	122	88	18.28	0.0	85.1	162	0	0	0	0	0	1	0	1	0	0	0	0	0	1	0	1	1	0	1	0	0	1	0	0	0	1	0	1	1	0	0	0	0	0	0	0	0	0	0	0	0	0	0	0	0	1	0	0	0	0	0	0	0	0	0	0
141.5	160	13	44	58	173	3	99	40	28	154	149	0	32	0	162	37	26	140	122	90	52	0	173	0	168	3372	58	193.6	3	46.9	1000	0.2	154	0.659	14.0	122	90	18.28	0.0	85.1	168	0	0	0	0	0	1	0	1	0	1	0	0	0	1	0	1	1	0	1	0	0	1	0	0	0	1	0	1	1	0	0	0	0	0	0	0	0	0	0	0	0	0	0	0	0	1	0	0	0	0	0	0	0	0	0	0
142.9	164	13	44	58	173	0	97	40	28	156	124	0	32	0	162	37	26	140	122	94	52	0	173	0	167	3372	58	193.6	0	46.1	1000	0.2	156	0.548	14.0	122	94	18.28	0.0	85.1	167	0	0	1	0	0	1	0	1	0	1	0	0	0	1	0	1	1	0	1	0	0	1	0	0	0	1	0	1	1	0	0	0	0	0	0	0	0	0	0	0	0	0	0	0	0	1	0	0	0	0	0	0	0	0	0	0
144.4	160	13	44	58	173	0	98	40	28	158	123	0	32	0	192	37	26	139	122	96	52	0	173	0	168	3372	58	193.6	0	46.5	1000	0.2	158	0.544	13.9	122	96	18.28	0.0	85.1	168	0	0	0	0	0	1	0	1	0	0	0	0	0	0	1	1	1	0	1	0	0	1	0	0	0	1	0	1	1	0	0	0	0	0	0	0	0	0	0	0	0	0	0	0	0	1	0	0	0	0	0	0	0	0	0	0
145.9	160	13	44	58	174	0	97	40	28	155	58	0	32	0	160	37	26	138	122	98	52	0	173	0	165	3372	58	194.9	0	46.1	1000	0.2	155	0.256	13.8	122	98	18.28	0.0	85.1	165	0	0	0	0	0	1	0	1	0	0	0	0	0	1	0	1	1	0	1	0	0	1	0	0	0	1	0	1	1	0	0	0	0	0	0	0	0	0	0	0	0	0	0	0	0	1	0	0	0	0	0	0	0	0	0	0
147.4	164	13	44	58	174	0	98	40	28	154	14	0	32	0	160	37	26	139	122	101	52	0	173	0	163	3372	58	194.9	0	46.5	1000	0.2	154	0.062	13.9	122	101	18.28	0.0	85.1	163	0	0	1	0	0	1	0	1	0	0	0	0	0	1	0	1	1	0	1	0	0	1	0	0	0	1	0	1	1	0	0	0	0	0	0	0	0	0	0	0	0	0	0	0	0	1	0	0	0	0	0	0	0	0	0	0
148.9	164	13	44	58	175	0	98	40	28	154	184	0	32	0	224	37	26	140	122	108	52	0	173	0	166	3372	58	196.3	0	46.5	1000	0.2	154	0.813	14.0	122	108	18.28	0.0	85.1	166	0	0	1	0	0	1	0	1	0	0	0	0	0	1	1	1	1	0	1	0	0	1	0	0	0	1	0	1	1	0	0	0	0	0	0	0	0	0	0	0	0	0	0	0	0	1	0	0	0	0	0	0	0	0	0	0
150.3	160	13	44	58	175	0	98	40	28	153	155	0	32	0	226	37	26	138	122	110	52	0	173	0	163	3372	58	196.3	0	46.5	1000	0.2	153	0.685	13.8	122	110	18.28	0.0	85.1	163	0	0	0	0	0	1	0	1	0	1	0	0	0	1	1	1	1	0	1	0	0	1	0	0	0	1	0	1	1	0	0	0	0	0	0	0	0	0	0	0	0	0	0	0	0	1	0	0	0	0	0	0	0	0	0	0
151.8	160	13	44	58	175	0	100	39	28	153	15	0	32	0	224	37	26	139	122	113	52	0	172	0	162	3372	58	196.3	0	47.3	975	0.2	153	0.066	13.9	122	113	18.28	0.0	85.8	162	0	0	0	0	0	1	0	1	0	0	0	0	0	1	1	1	1	0	1	0	0	1	0	0	0	1	0	1	1	0	0	0	0	0	0	0	0	0	0	0	0	0	0	0	0	1	0	0	0	0	0	0	0	0	0	0
153.2	160	13	44	58	176	0	99	39	28	150	16	0	32	0	160	37	26	137	122	116	52	0	172	0	167	3372	58	197.6	0	46.9	975	0.2	150	0.071	13.7	122	116	18.28	0.0	85.8	167	0	0	0	0	0	1	0	1	0	0	0	0	0	1	0	1	1	0	1	0	0	1	0	0	0	1	0	1	1	0	0	0	0	0	0	0	0	0	0	0	0	0	0	0	0	1	0	0	0	0	0	0	0	0	0	0
154.7	160	13	44	58	176	0	98	40	28	154	154	0	32	0	160	37	26	139	122	118	52	0	172	0	160	3372	58	197.6	0	46.5	1000	0.2	154	0.681	13.9	122	118	18.28	0.0	85.8	160	0	0	0	0	0	1	0	1	0	0	0	0	0	1	0	1	1	0	1	0	0	1	0	0	0	1	0	1	1	0	0	0	0	0	0	0	0	0	0	0	0	0	0	0	0	1	0	0	0	0	0	0	0	0	0	0
156.2	160	13	44	58	176	0	99	40	28	152	11	0	32	0	160	37	26	138	122	121	52	0	172	0	163	3372	58	197.6	0	46.9	1000	0.2	152	0.049	13.8	122	121	18.28	0.0	85.8	163	0	0	0	0	0	1	0	1	0	0	0	0	0	1	0	1	1	0	1	0	0	1	0	0	0	1	0	1	1	0	0	0	0	0	0	0	0	0	0	0	0	0	0	0	0	1	0	0	0	0	0	0	0	0	0	0
157.7	160	13	44	58	176	0	98	39	28	151	21	0	32	0	160	37	26	139	122	122	52	0	172	0	165	3372	58	197.6	0	46.5	975	0.2	151	0.093	13.9	122	122	18.28	0.0	85.8	165	0	0	0	0	0	1	0	1	0	0	0	0	0	1	0	1	1	0	1	0	0	1	0	0	0	1	0	1	1	0	0	0	0	0	0	0	0	0	0	0	0	0	0	0	0	1	0	0	0	0	0	0	0	0	0	0
159.2	164	13	44	58	176	0	97	40	28	153	145	0	32	0	160	37	26	140	122	125	52	0	172	0	158	3372	58	197.6	0	46.1	1000	0.2	153	0.641	14.0	122	125	18.28	0.0	85.8	158	0	0	1	0	0	1	0	1	0	0	0	0	0	1	0	1	1	0	1	0	0	1	0	0	0	1	0	1	1	0	0	0	0	0	0	0	0	0	0	0	0	0	0	0	0	1	0	0	0	0	0	0	0	0	0	0
160.6	160	13	44	58	176	0	98	40	28	152	135	0	32	0	224	37	26	139	122	127	51	0	172	0	157	3372	58	197.6	0	46.5	1000	0.2	152	0.597	13.9	122	127	17.93	0.0	85.8	157	0	0	0	0	0	1	0	1	0	0	0	0	0	1	1	1	1	0	1	0	0	1	0	0	0	1	0	1	1	0	0	0	0	0	0	0	0	0	0	0	0	0	0	0	0	1	0	0	0	0	0	0	0	0	0	0
162.1	164	13	44	58	177	0	96	41	28	151	162	0	32	0	224	37	26	141	150	130	76	99	172	1	6	3372	58	198.9	0	45.8	1025	0.2	151	0.716	14.1	150	130	26.72	38.7	85.8	262	0	0	1	0	0	1	0	1	0	0	0	0	0	1	1	1	1	0	1	0	0	1	0	0	0	1	0	1	1	0	0	0	0	0	0	0	0	0	0	0	0	0	0	0	0	1	0	0	0	0	0	0	0	0	0	0
163.6	36	13	44	58	177	3	128	60	43	143	196	0	32	0	195	37	26	142	150	131	91	104	172	0	221	3372	58	198.9	3	57.6	1500	7.5	143	0.866	14.2	150	131	31.99	40.6	85.8	221	0	0	1	0	0	1	0	0	1	1	0	0	0	0	1	1	1	0	1	0	0	1	0	0	0	1	0	1	1	0	0	0	0	0	0	0	0	0	0	0	0	0	0	0	0	1	0	0	0	0	0	0	0	0	0	0
165.0	36	13	44	58	177	9	99	64	28	118	183	0	32	0	161	37	26	138	122	132	51	0	172	0	114	3372	58	198.9	9	46.9	1600	0.2	118	0.809	13.8	122	132	17.93	0.0	85.8	114	0	0	1	0	0	1	0	0	1	0	0	0	0	1	0	1	1	0	1	0	0	1	0	0	0	1	0	1	1	0	0	0	0	0	0	0	0	0	0	0	0	0	0	0	0	1	0	0	0	0	0	0	0	0	0	0
166.5	164	13	44	58	178	10	83	48	30	129	1	0	32	0	128	37	26	141	150	133	90	0	172	0	178	3372	58	200.3	10	41.0	1200	1.2	129	0.004	14.1	150	133	31.64	0.0	85.8	178	0	0	1	0	0	1	0	1	0	0	0	0	0	0	0	1	1	0	1	0	0	1	0	0	0	1	0	1	1	0	0	0	0	0	0	0	0	0	0	0	0	0	0	0	0	1	0	0	0	0	0	0	0	0	0	0
168.0	32	13	44	58	178	9	92	59	35	123	194	0	32	0	195	37	26	141	150	133	92	0	172	0	153	3372	58	200.3	9	44.3	1475	3.6	123	0.857	14.1	150	133	32.34	0.0	85.8	153	0	0	0	0	0	1	0	0	1	1	0	0	0	0	1	1	1	0	1	0	0	1	0	0	0	1	0	1	1	0	0	0	0	0	0	0	0	0	0	0	0	0	0	0	0	1	0	0	0	0	0	0	0	0	0	0
169.5	36	13	44	58	178	10	90	62	36	106	185	0	32	0	163	37	26	137	150	136	89	115	172	1	18	3372	58	200.3	10	43.6	1550	4.1	106	0.818	13.7	150	136	31.29	44.9	85.8	274	0	0	1	0	0	1	0	0	1	1	0	0	0	1	0	1	1	0	1	0	0	1	0	0	0	1	0	1	1	0	0	0	0	0	0	0	0	0	0	0	0	0	0	0	0	1	0	0	0	0	0	0	0	0	0	0
170.9	32	13	44	58	178	12	162	72	54	114	189	0	32	0	195	53	26	141	149	137	91	132	172	1	55	3372	58	200.3	12	70.1	1800	12.8	114	0.835	14.1	149	137	31.99	51.6	85.8	311	0	0	0	0	0	1	0	0	1	1	0	0	0	0	1	1	1	0	1	0	1	1	0	0	0	1	0	1	1	0	0	0	0	0	0	0	0	0	0	0	0	0	0	0	0	1	0	0	0	0	0	0	0	0	0	0
172.4	36	13	44	58	177	16	167	79	57	98	19	0	32	0	227	53	26	141	149	142	90	134	173	1	37	3372	58	198.9	16	72.0	1975	14.2	98	0.084	14.1	149	142	31.64	52.3	85.1	293	0	0	1	0	0	1	0	0	1	1	0	0	0	1	1	1	1	0	1	0	1	1	0	0	0	1	0	1	1	0	0	0	0	0	0	0	0	0	0	0	0	0	0	0	0	1	0	0	0	0	0	0	0	0	0	0
173.9	37	13	44	58	177	20	169	85	60	99	177	0	32	0	163	53	26	141	148	149	85	136	173	1	82	3372	58	198.9	20	72.7	2125	15.7	99	0.782	14.1	148	149	29.88	53.1	85.1	338	1	0	1	0	0	1	0	0	1	1	0	0	0	1	0	1	1	0	1	0	1	1	0	0	0	1	0	1	1	0	0	0	0	0	0	0	0	0	0	0	0	0	0	0	0	1	0	0	0	0	0	0	0	0	0	0
175.3	37	13	44	58	176	24	183	82	64	108	12	0	32	0	225	53	26	140	148	154	76	130	173	1	88	3372	58	197.6	24	77.9	2050	17.6	108	0.053	14.0	148	154	26.72	50.8	85.1	344	1	0	1	0	0	1	0	0	1	0	0	0	0	1	1	1	1	0	1	0	1	1	0	0	0	1	0	1	1	0	0	0	0	0	0	0	0	0	0	0	0	0	0	0	0	1	0	0	0	0	0	0	0	0	0	0
176.8	32	13	44	58	176	27	183	85	65	111	157	0	32	0	193	53	26	141	148	160	77	131	173	1	90	3372	58	197.6	27	77.9	2125	18.1	111	0.694	14.1	148	160	27.07	51.2	85.1	346	0	0	0	0	0	1	0	0	1	0	0	0	0	0	1	1	1	0	1	0	1	1	0	0	0	1	0	1	1	0	0	0	0	0	0	0	0	0	0	0	0	0	0	0	0	1	0	0	0	0	0	0	0	0	0	0
178.3	32	13	44	58	176	30	184	89	66	112	179	0	32	0	161	53	26	140	148	167	79	133	174	1	65	3372	58	197.6	30	78.3	2225	18.6	112	0.791	14.0	148	167	27.77	52.0	84.4	321	0	0	0	0	0	1	0	0	1	0	0	0	0	1	0	1	1	0	1	0	1	1	0	0	0	1	0	1	1	0	0	0	0	0	0	0	0	0	0	0	0	0	0	0	0	1	0	0	0	0	0	0	0	0	0	0
179.8	36	13	44	58	176	33	164	85	58	99	183	0	32	0	195	53	26	140	148	170	96	132	174	1	33	3372	58	197.6	33	70.9	2125	14.7	99	0.809	14.0	148	170	33.75	51.6	84.4	289	0	0	1	0	0	1	0	0	1	1	0	0	0	0	1	1	1	0	1	0	1	1	0	0	0	1	0	1	1	0	0	0	0	0	0	0	0	0	0	0	0	0	0	0	0	1	0	0	0	0	0	0	0	0	0	0
181.2	36	13	44	58	175	35	160	84	56	91	15	0	32	0	227	53	30	140	148	175	97	129	174	1	19	3372	58	196.3	35	69.4	2100	13.7	91	0.066	14.0	148	175	34.10	50.4	84.4	275	0	0	1	0	0	1	0	0	1	1	0	0	0	1	1	1	1	0	1	0	1	1	0	0	0	1	1	1	1	0	0	0	0	0	0	0	0	0	0	0	0	0	0	0	0	1	0	0	0	0	0	0	0	0	0	0
182.7	36	13	44	58	175	36	151	82	53	90	160	0	32	0	195	53	30	141	147	180	99	129	174	0	233	3372	58	196.3	36	66.1	2050	12.3	90	0.707	14.1	147	180	34.80	50.4	84.4	233	0	0	1	0	0	1	0	0	1	1	0	0	0	0	1	1	1	0	1	0	1	1	0	0	0	1	1	1	1	0	0	0	0	0	0	0	0	0	0	0	0	0	0	0	0	1	0	0	0	0	0	0	0	0	0	0
184.2	32	13	44	58	174	37	139	82	48	83	137	0	32	0	163	53	30	141	147	186	111	111	174	0	173	3372	58	194.9	37	61.6	2050	9.9	83	0.606	14.1	147	186	39.02	43.4	84.4	173	0	0	0	0	0	1	0	0	1	1	0	0	0	1	0	1	1	0	1	0	1	1	0	0	0	1	1	1	1	0	0	0	0	0	0	0	0	0	0	0	0	0	0	0	0	1	0	0	0	0	0	0	0	0	0	0
185.6	32	13	44	58	174	38	102	77	44	103	8	0	32	0	131	37	30	140	147	186	112	112	174	0	192	3372	58	194.9	38	48.0	1925	7.9	103	0.035	14.0	147	186	39.38	43.8	84.4	192	0	0	0	0	0	1	0	0	1	1	0	0	0	0	0	1	1	0	1	0	0	1	0	0	0	1	1	1	1	0	0	0	0	0	0	0	0	0	0	0	0	0	0	0	0	1	0	0	0	0	0	0	0	0	0	0
187.1	36	13	44	58	173	38	98	73	43	133	54	0	32	0	163	37	26	141	122	189	52	0	174	0	103	3372	58	193.6	38	46.5	1825	7.5	133	0.239	14.1	122	189	18.28	0.0	84.4	103	0	0	1	0	0	1	0	0	1	1	0	0	0	1	0	1	1	0	1	0	0	1	0	0	0	1	0	1	1	0	0	0	0	0	0	0	0	0	0	0	0	0	0	0	0	1	0	0	0	0	0	0	0	0	0	0
188.6	164	13	44	74	173	37	57	69	28	127	192	0	32	0	193	37	26	142	122	190	52	0	174	0	89	3372	74	193.6	37	31.4	1725	0.2	127	0.849	14.2	122	190	18.28	0.0	84.4	89	0	0	1	0	0	1	0	1	1	0	0	0	0	0	1	1	1	0	1	0	0	1	0	0	0	1	0	1	1	0	0	0	0	0	0	0	0	0	0	0	0	0	0	0	0	1	0	0	0	0	0	0	0	0	0	0
190.1	160	13	44	58	173	36	59	65	28	128	13	0	32	0	129	37	26	136	122	191	52	0	174	0	94	3372	58	193.6	36	32.1	1625	0.2	128	0.057	13.6	122	191	18.28	0.0	84.4	94	0	0	0	0	0	1	0	1	1	0	0	0	0	0	0	1	1	0	1	0	0	1	0	0	0	1	0	1	1	0	0	0	0	0	0	0	0	0	0	0	0	0	0	0	0	1	0	0	0	0	0	0	0	0	0	0
191.5	160	13	44	58	173	35	99	72	49	135	202	0	32	0	195	53	26	137	147	193	72	131	174	1	26	3372	58	193.6	35	46.9	1800	10.4	135	0.893	13.7	147	193	25.31	51.2	84.4	282	0	0	0	0	0	1	0	1	1	1	0	0	0	0	1	1	1	0	1	0	1	1	0	0	0	1	0	1	1	0	0	0	0	0	0	0	0	0	0	0	0	0	0	0	0	1	0	0	0	0	0	0	0	0	0	0
193.0	32	13	44	58	174	35	149	79	51	103	199	0	32	0	195	53	30	141	147	193	98	127	174	0	234	3372	58	194.9	35	65.3	1975	11.3	103	0.880	14.1	147	193	34.45	49.6	84.4	234	0	0	0	0	0	1	0	0	1	1	0	0	0	0	1	1	1	0	1	0	1	1	0	0	0	1	1	1	1	0	0	0	0	0	0	0	0	0	0	0	0	0	0	0	0	1	0	0	0	0	0	0	0	0	0	0
194.5	36	13	44	58	174	36	149	80	51	82	166	0	32	0	163	53	30	141	146	197	98	127	174	0	249	3372	58	194.9	36	65.3	2000	11.3	82	0.734	14.1	146	197	34.45	49.6	84.4	249	0	0	1	0	0	1	0	0	1	1	0	0	0	1	0	1	1	0	1	0	1	1	0	0	0	1	1	1	1	0	0	0	0	0	0	0	0	0	0	0	0	0	0	0	0	1	0	0	0	0	0	0	0	0	0	0
195.9	32	13	44	58	174	36	149	80	51	82	183	0	32	0	163	53	30	141	146	203	98	127	174	0	229	3372	58	194.9	36	65.3	2000	11.3	82	0.809	14.1	146	203	34.45	49.6	84.4	229	0	0	0	0	0	1	0	0	1	1	0	0	0	1	0	1	1	0	1	0	1	1	0	0	0	1	1	1	1	0	0	0	0	0	0	0	0	0	0	0	0	0	0	0	0	1	0	0	0	0	0	0	0	0	0	0
197.4	36	13	44	58	174	37	143	80	49	77	24	0	32	0	227	53	30	140	146	207	101	117	174	0	193	3372	58	194.9	37	63.1	2000	10.4	77	0.106	14.0	146	207	35.51	45.7	84.4	193	0	0	1	0	0	1	0	0	1	1	0	0	0	1	1	1	1	0	1	0	1	1	0	0	0	1	1	1	1	0	0	0	0	0	0	0	0	0	0	0	0	0	0	0	0	1	0	0	0	0	0	0	0	0	0	0
198.9	32	13	44	58	174	37	119	78	45	85	73	0	32	0	227	53	30	141	145	210	105	116	174	0	184	3372	58	194.9	37	54.3	1950	8.4	85	0.323	14.1	145	210	36.91	45.3	84.4	184	0	0	0	0	0	1	0	0	1	1	0	0	0	1	1	1	1	0	1	0	1	1	0	0	0	1	1	1	1	0	0	0	0	0	0	0	0	0	0	0	0	0	0	0	0	1	0	0	0	0	0	0	0	0	0	0
200.4	36	13	44	58	174	38	113	77	44	91	14	0	32	0	227	53	30	141	145	216	112	115	174	0	181	3372	58	194.9	38	52.1	1925	7.9	91	0.062	14.1	145	216	39.38	44.9	84.4	181	0	0	1	0	0	1	0	0	1	1	0	0	0	1	1	1	1	0	1	0	1	1	0	0	0	1	1	1	1	0	0	0	0	0	0	0	0	0	0	0	0	0	0	0	0	1	0	0	0	0	0	0	0	0	0	0
201.8	32	13	44	58	175	38	91	76	42	109	6	0	32	0	131	37	30	141	144	218	117	106	174	0	181	3372	58	196.3	38	43.9	1900	7.0	109	0.027	14.1	144	218	41.13	41.4	84.4	181	0	0	0	0	0	1	0	0	1	1	0	0	0	0	0	1	1	0	1	0	0	1	0	0	0	1	1	1	1	0	0	0	0	0	0	0	0	0	0	0	0	0	0	0	0	1	0	0	0	0	0	0	0	0	0	0
203.3	32	13	44	58	175	38	91	77	42	139	12	0	32	0	227	37	30	141	144	226	115	106	174	0	196	3372	58	196.3	38	43.9	1925	7.0	139	0.053	14.1	144	226	40.43	41.4	84.4	196	0	0	0	0	0	1	0	0	1	1	0	0	0	1	1	1	1	0	1	0	0	1	0	0	0	1	1	1	1	0	0	0	0	0	0	0	0	0	0	0	0	0	0	0	0	1	0	0	0	0	0	0	0	0	0	0
204.8	36	13	44	58	175	38	91	74	42	152	184	0	32	0	163	37	30	140	144	238	116	113	174	0	203	3372	58	196.3	38	43.9	1850	7.0	152	0.813	14.0	144	238	40.78	44.1	84.4	203	0	0	1	0	0	1	0	0	1	1	0	0	0	1	0	1	1	0	1	0	0	1	0	0	0	1	1	1	1	0	0	0	0	0	0	0	0	0	0	0	0	0	0	0	0	1	0	0	0	0	0	0	0	0	0	0
206.3	37	13	44	58	176	38	92	74	42	155	19	0	32	0	163	37	30	140	145	255	117	111	174	0	197	3372	58	197.6	38	44.3	1850	7.0	155	0.084	14.0	145	255	41.13	43.4	84.4	197	1	0	1	0	0	1	0	0	1	1	0	0	0	1	0	1	1	0	1	0	0	1	0	0	0	1	1	1	1	0	0	0	0	0	0	0	0	0	0	0	0	0	0	0	0	1	0	0	0	0	0	0	0	0	0	0
207.7	32	13	44	58	176	38	95	74	42	159	48	0	32	0	227	37	30	141	145	11	117	112	174	0	206	3372	58	197.6	38	45.4	1850	7.0	159	0.212	14.1	145	11	41.13	43.8	84.4	206	0	0	0	0	0	1	0	0	1	1	0	0	0	1	1	1	1	0	1	0	0	1	0	0	0	1	1	1	1	0	0	0	0	0	0	0	0	0	0	0	0	0	0	0	0	1	0	0	0	0	0	0	0	0	0	0
209.2	36	13	44	58	176	38	95	71	42	157	196	0	32	0	227	37	30	141	146	20	117	114	174	0	194	3372	58	197.6	38	45.4	1775	7.0	157	0.866	14.1	146	20	41.13	44.5	84.4	194	0	0	1	0	0	1	0	0	1	1	0	0	0	1	1	1	1	0	1	0	0	1	0	0	0	1	1	1	1	0	0	0	0	0	0	0	0	0	0	0	0	0	0	0	0	1	0	0	0	0	0	0	0	0	0	0
210.7	36	13	44	58	176	38	92	73	42	157	166	0	32	0	163	37	30	141	146	32	114	113	174	0	195	3372	58	197.6	38	44.3	1825	7.0	157	0.734	14.1	146	32	40.08	44.1	84.4	195	0	0	1	0	0	1	0	0	1	1	0	0	0	1	0	1	1	0	1	0	0	1	0	0	0	1	1	1	1	0	0	0	0	0	0	0	0	0	0	0	0	0	0	0	0	1	0	0	0	0	0	0	0	0	0	0
212.1	33	13	44	58	176	38	90	73	42	154	172	0	32	0	227	37	30	141	147	41	114	108	174	0	186	3372	58	197.6	38	43.6	1825	7.0	154	0.760	14.1	147	41	40.08	42.2	84.4	186	1	0	0	0	0	1	0	0	1	1	0	0	0	1	1	1	1	0	1	0	0	1	0	0	0	1	1	1	1	0	0	0	0	0	0	0	0	0	0	0	0	0	0	0	0	1	0	0	0	0	0	0	0	0	0	0
213.6	32	13	44	58	176	38	94	74	42	154	49	0	32	0	227	37	30	142	147	53	114	110	174	0	196	3372	58	197.6	38	45.0	1850	7.0	154	0.217	14.2	147	53	40.08	43.0	84.4	196	0	0	0	0	0	1	0	0	1	1	0	0	0	1	1	1	1	0	1	0	0	1	0	0	0	1	1	1	1	0	0	0	0	0	0	0	0	0	0	0	0	0	0	0	0	1	0	0	0	0	0	0	0	0	0	0
215.1	32	13	44	58	176	38	92	75	42	151	179	0	32	0	163	37	30	141	148	75	111	110	174	0	192	3372	58	197.6	38	44.3	1875	7.0	151	0.791	14.1	148	75	39.02	43.0	84.4	192	0	0	0	0	0	1	0	0	1	1	0	0	0	1	0	1	1	0	1	0	0	1	0	0	0	1	1	1	1	0	0	0	0	0	0	0	0	0	0	0	0	0	0	0	0	1	0	0	0	0	0	0	0	0	0	0
216.6	36	13	44	58	176	37	95	71	42	154	194	0	32	0	163	37	30	141	148	95	110	110	174	0	208	3372	58	197.6	37	45.4	1775	7.0	154	0.857	14.1	148	95	38.67	43.0	84.4	208	0	0	1	0	0	1	0	0	1	1	0	0	0	1	0	1	1	0	1	0	0	1	0	0	0	1	1	1	1	0	0	0	0	0	0	0	0	0	0	0	0	0	0	0	0	1	0	0	0	0	0	0	0	0	0	0
218.0	32	13	44	58	176	37	93	73	42	152	188	0	32	0	227	37	30	141	149	109	116	112	174	0	203	3372	58	197.6	37	44.7	1825	7.0	152	0.831	14.1	149	109	40.78	43.8	84.4	203	0	0	0	0	0	1	0	0	1	1	0	0	0	1	1	1	1	0	1	0	0	1	0	0	0	1	1	1	1	0	0	0	0	0	0	0	0	0	0	0	0	0	0	0	0	1	0	0	0	0	0	0	0	0	0	0
219.5	36	13	44	58	176	37	93	71	42	144	189	0	32	0	227	37	30	142	149	120	114	112	174	0	186	3372	58	197.6	37	44.7	1775	7.0	144	0.835	14.2	149	120	40.08	43.8	84.4	186	0	0	1	0	0	1	0	0	1	1	0	0	0	1	1	1	1	0	1	0	0	1	0	0	0	1	1	1	1	0	0	0	0	0	0	0	0	0	0	0	0	0	0	0	0	1	0	0	0	0	0	0	0	0	0	0
221.0	32	13	44	58	176	37	91	74	42	142	187	0	32	0	195	37	30	141	150	134	117	113	173	0	200	3372	58	197.6	37	43.9	1850	7.0	142	0.827	14.1	150	134	41.13	44.1	85.1	200	0	0	0	0	0	1	0	0	1	1	0	0	0	0	1	1	1	0	1	0	0	1	0	0	0	1	1	1	1	0	0	0	0	0	0	0	0	0	0	0	0	0	0	0	0	1	0	0	0	0	0	0	0	0	0	0
222.4	36	13	44	58	176	37	94	73	42	137	74	0	32	0	227	37	30	141	150	148	112	111	173	0	189	3372	58	197.6	37	45.0	1825	7.0	137	0.327	14.1	150	148	39.38	43.4	85.1	189	0	0	1	0	0	1	0	0	1	1	0	0	0	1	1	1	1	0	1	0	0	1	0	0	0	1	1	1	1	0	0	0	0	0	0	0	0	0	0	0	0	0	0	0	0	1	0	0	0	0	0	0	0	0	0	0
223.9	32	13	44	58	176	37	93	76	42	136	173	0	32	0	163	37	30	140	150	165	116	113	173	0	183	3372	58	197.6	37	44.7	1900	7.0	136	0.765	14.0	150	165	40.78	44.1	85.1	183	0	0	0	0	0	1	0	0	1	1	0	0	0	1	0	1	1	0	1	0	0	1	0	0	0	1	1	1	1	0	0	0	0	0	0	0	0	0	0	0	0	0	0	0	0	1	0	0	0	0	0	0	0	0	0	0
225.4	36	13	44	58	175	37	93	75	42	129	179	0	32	0	227	37	30	141	150	179	113	104	173	0	186	3372	58	196.3	37	44.7	1875	7.0	129	0.791	14.1	150	179	39.73	40.6	85.1	186	0	0	1	0	0	1	0	0	1	1	0	0	0	1	1	1	1	0	1	0	0	1	0	0	0	1	1	1	1	0	0	0	0	0	0	0	0	0	0	0	0	0	0	0	0	1	0	0	0	0	0	0	0	0	0	0
226.9	36	13	44	58	175	37	93	76	42	131	125	0	32	0	163	37	30	142	150	193	115	106	173	0	200	3372	58	196.3	37	44.7	1900	7.0	131	0.553	14.2	150	193	40.43	41.4	85.1	200	0	0	1	0	0	1	0	0	1	1	0	0	0	1	0	1	1	0	1	0	0	1	0	0	0	1	1	1	1	0	0	0	0	0	0	0	0	0	0	0	0	0	0	0	0	1	0	0	0	0	0	0	0	0	0	0
228.3	32	13	44	58	175	37	93	72	42	137	15	0	32	0	227	37	30	141	150	202	100	133	173	1	71	3372	58	196.3	37	44.7	1800	7.0	137	0.066	14.1	150	202	35.16	52.0	85.1	327	0	0	0	0	0	1	0	0	1	1	0	0	0	1	1	1	1	0	1	0	0	1	0	0	0	1	1	1	1	0	0	0	0	0	0	0	0	0	0	0	0	0	0	0	0	1	0	0	0	0	0	0	0	0	0	0
229.8	32	13	44	58	174	38	164	87	58	123	202	0	32	0	195	53	30	140	150	203	97	136	173	1	36	3372	58	194.9	38	70.9	2175	14.7	123	0.893	14.0	150	203	34.10	53.1	85.1	292	0	0	0	0	0	1	0	0	1	1	0	0	0	0	1	1	1	0	1	0	1	1	0	0	0	1	1	1	1	0	0	0	0	0	0	0	0	0	0	0	0	0	0	0	0	1	0	0	0	0	0	0	0	0	0	0
231.3	36	13	44	58	174	39	162	89	58	83	104	0	32	0	131	53	30	140	150	206	97	136	173	1	16	3372	58	194.9	39	70.1	2225	14.7	83	0.460	14.0	150	206	34.10	53.1	85.1	272	0	0	1	0	0	1	0	0	1	1	0	0	0	0	0	1	1	0	1	0	1	1	0	0	0	1	1	1	1	0	0	0	0	0	0	0	0	0	0	0	0	0	0	0	0	1	0	0	0	0	0	0	0	0	0	0
232.7	37	13	44	58	174	41	160	90	57	81	133	0	32	0	163	53	30	141	149	211	104	129	173	0	211	3372	58	194.9	41	69.4	2250	14.2	81	0.588	14.1	149	211	36.56	50.4	85.1	211	1	0	1	0	0	1	0	0	1	1	0	0	0	1	0	1	1	0	1	0	1	1	0	0	0	1	1	1	1	0	0	0	0	0	0	0	0	0	0	0	0	0	0	0	0	1	0	0	0	0	0	0	0	0	0	0
234.2	32	13	44	58	174	41	133	85	49	73	31	0	32	0	163	53	30	142	149	217	105	126	173	0	195	3372	58	194.9	41	59.4	2125	10.4	73	0.137	14.2	149	217	36.91	49.2	85.1	195	0	0	0	0	0	1	0	0	1	1	0	0	0	1	0	1	1	0	1	0	1	1	0	0	0	1	1	1	1	0	0	0	0	0	0	0	0	0	0	0	0	0	0	0	0	1	0	0	0	0	0	0	0	0	0	0
235.7	32	13	44	58	174	42	127	84	48	69	17	0	32	0	227	53	30	142	148	225	106	122	173	0	208	3372	58	194.9	42	57.2	2100	9.9	69	0.075	14.2	148	225	37.27	47.7	85.1	208	0	0	0	0	0	1	0	0	1	1	0	0	0	1	1	1	1	0	1	0	1	1	0	0	0	1	1	1	1	0	0	0	0	0	0	0	0	0	0	0	0	0	0	0	0	1	0	0	0	0	0	0	0	0	0	0
237.2	32	13	44	58	174	42	126	87	48	76	183	0	32	0	195	53	30	142	148	233	106	124	173	0	189	3372	58	194.9	42	56.8	2175	9.9	76	0.809	14.2	148	233	37.27	48.4	85.1	189	0	0	0	0	0	1	0	0	1	1	0	0	0	0	1	1	1	0	1	0	1	1	0	0	0	1	1	1	1	0	0	0	0	0	0	0	0	0	0	0	0	0	0	0	0	1	0	0	0	0	0	0	0	0	0	0
238.6	36	13	44	58	174	43	124	87	47	75	188	0	32	0	163	53	30	142	147	239	106	121	173	0	186	3372	58	194.9	43	56.1	2175	9.4	75	0.831	14.2	147	239	37.27	47.3	85.1	186	0	0	1	0	0	1	0	0	1	1	0	0	0	1	0	1	1	0	1	0	1	1	0	0	0	1	1	1	1	0	0	0	0	0	0	0	0	0	0	0	0	0	0	0	0	1	0	0	0	0	0	0	0	0	0	0
240.1	32	13	44	58	174	43	123	87	47	77	187	0	32	0	163	53	30	140	147	245	109	121	173	0	201	3372	58	194.9	43	55.7	2175	9.4	77	0.827	14.0	147	245	38.32	47.3	85.1	201	0	0	0	0	0	1	0	0	1	1	0	0	0	1	0	1	1	0	1	0	1	1	0	0	0	1	1	1	1	0	0	0	0	0	0	0	0	0	0	0	0	0	0	0	0	1	0	0	0	0	0	0	0	0	0	0
241.6	36	13	44	58	174	43	124	85	47	76	164	0	32	0	195	53	30	142	147	251	108	121	173	0	205	3372	58	194.9	43	56.1	2125	9.4	76	0.725	14.2	147	251	37.97	47.3	85.1	205	0	0	1	0	0	1	0	0	1	1	0	0	0	0	1	1	1	0	1	0	1	1	0	0	0	1	1	1	1	0	0	0	0	0	0	0	0	0	0	0	0	0	0	0	0	1	0	0	0	0	0	0	0	0	0	0
243.0	32	13	44	58	174	43	124	87	47	84	19	0	32	0	227	53	30	141	146	8	110	112	174	0	70	3372	58	194.9	43	56.1	2175	9.4	84	0.084	14.1	146	8	38.67	43.8	84.4	70	0	0	0	0	0	1	0	0	1	1	0	0	0	1	1	1	1	0	1	0	1	1	0	0	0	1	1	1	1	0	0	0	0	0	0	0	0	0	0	0	0	0	0	0	0	1	0	0	0	0	0	0	0	0	0	0
244.5	164	13	44	82	174	42	49	78	28	75	91	0	32	0	161	37	26	132	122	10	52	0	173	0	70	3372	82	194.9	42	28.4	1950	0.2	75	0.402	13.2	122	10	18.28	0.0	85.1	70	0	0	1	0	0	1	0	1	1	0	0	0	0	1	0	1	1	0	1	0	0	1	0	0	0	1	0	1	1	0	0	0	0	0	0	0	0	0	0	0	0	0	0	0	0	1	0	0	0	0	0	0	0	0	0	0
246.0	164	13	44	58	175	41	49	72	28	90	9	0	32	0	129	37	26	140	122	10	52	0	173	0	77	3372	58	196.3	41	28.4	1800	0.2	90	0.040	14.0	122	10	18.28	0.0	85.1	77	0	0	1	0	0	1	0	1	1	0	0	0	0	0	0	1	1	0	1	0	0	1	0	0	0	1	0	1	1	0	0	0	0	0	0	0	0	0	0	0	0	0	0	0	0	1	0	0	0	0	0	0	0	0	0	0
247.5	160	13	44	58	175	38	56	66	28	105	8	0	32	0	129	37	26	138	122	10	52	0	173	0	88	3372	58	196.3	38	31.0	1650	0.2	105	0.035	13.8	122	10	18.28	0.0	85.1	88	0	0	0	0	0	1	0	1	1	0	0	0	0	0	0	1	1	0	1	0	0	1	0	0	0	1	0	1	1	0	0	0	0	0	0	0	0	0	0	0	0	0	0	0	0	1	0	0	0	0	0	0	0	0	0	0
248.9	164	13	44	58	175	34	63	61	28	120	8	0	32	0	129	37	26	141	122	10	52	0	173	0	103	3372	58	196.3	34	33.6	1525	0.2	120	0.035	14.1	122	10	18.28	0.0	85.1	103	0	0	1	0	0	1	0	1	1	0	0	0	0	0	0	1	1	0	1	0	0	1	0	0	0	1	0	1	1	0	0	0	0	0	0	0	0	0	0	0	0	0	0	0	0	1	0	0	0	0	0	0	0	0	0	0
250.4	164	13	44	58	175	31	68	59	28	134	18	0	32	0	129	37	26	138	122	10	52	0	172	0	118	3372	58	196.3	31	35.4	1475	0.2	134	0.080	13.8	122	10	18.28	0.0	85.8	118	0	0	1	0	0	1	0	1	1	0	0	0	0	0	0	1	1	0	1	0	0	1	0	0	0	1	0	1	1	0	0	0	0	0	0	0	0	0	0	0	0	0	0	0	0	1	0	0	0	0	0	0	0	0	0	0
251.9	164	13	44	58	176	31	74	59	30	144	47	0	32	0	225	37	26	138	146	16	95	0	172	0	219	3372	58	197.6	31	37.7	1475	1.2	144	0.208	13.8	146	16	33.40	0.0	85.8	219	0	0	1	0	0	1	0	1	1	0	0	0	0	1	1	1	1	0	1	0	0	1	0	0	0	1	0	1	1	0	0	0	0	0	0	0	0	0	0	0	0	0	0	0	0	1	0	0	0	0	0	0	0	0	0	0
253.4	36	13	44	58	176	30	159	79	57	136	199	0	32	0	195	53	26	141	146	17	92	132	172	0	226	3372	58	197.6	30	69.0	1975	14.2	136	0.880	14.1	146	17	32.34	51.6	85.8	226	0	0	1	0	0	1	0	0	1	1	0	0	0	0	1	1	1	0	1	0	1	1	0	0	0	1	0	1	1	0	0	0	0	0	0	0	0	0	0	0	0	0	0	0	0	1	0	0	0	0	0	0	0	0	0	0
254.8	36	13	44	58	176	32	106	69	42	111	23	0	32	0	227	37	30	142	146	20	101	103	172	0	181	3372	58	197.6	32	49.5	1725	7.0	111	0.102	14.2	146	20	35.51	40.2	85.8	181	0	0	1	0	0	1	0	0	1	1	0	0	0	1	1	1	1	0	1	0	0	1	0	0	0	1	1	1	1	0	0	0	0	0	0	0	0	0	0	0	0	0	0	0	0	1	0	0	0	0	0	0	0	0	0	0
256.3	37	13	44	58	176	33	102	70	40	120	191	0	32	0	195	37	30	141	145	23	110	95	172	0	141	3372	58	197.6	33	48.0	1750	6.0	120	0.844	14.1	145	23	38.67	37.1	85.8	141	1	0	1	0	0	1	0	0	1	1	0	0	0	0	1	1	1	0	1	0	0	1	0	0	0	1	1	1	1	0	0	0	0	0	0	0	0	0	0	0	0	0	0	0	0	1	0	0	0	0	0	0	0	0	0	0
257.8	32	13	44	58	176	33	87	67	37	111	175	0	32	0	163	37	30	142	145	27	110	93	172	0	160	3372	58	197.6	33	42.5	1675	4.6	111	0.774	14.2	145	27	38.67	36.3	85.8	160	0	0	0	0	0	1	0	0	1	1	0	0	0	1	0	1	1	0	1	0	0	1	0	0	0	1	1	1	1	0	0	0	0	0	0	0	0	0	0	0	0	0	0	0	0	1	0	0	0	0	0	0	0	0	0	0
259.2	36	13	44	58	176	33	86	67	37	114	28	0	32	0	227	37	30	142	145	32	110	93	172	0	146	3372	58	197.6	33	42.1	1675	4.6	114	0.124	14.2	145	32	38.67	36.3	85.8	146	0	0	1	0	0	1	0	0	1	1	0	0	0	1	1	1	1	0	1	0	0	1	0	0	0	1	1	1	1	0	0	0	0	0	0	0	0	0	0	0	0	0	0	0	0	1	0	0	0	0	0	0	0	0	0	0
260.7	37	13	44	58	176	33	86	68	37	111	20	0	32	0	163	37	30	142	144	37	111	93	172	0	157	3372	58	197.6	33	42.1	1700	4.6	111	0.088	14.2	144	37	39.02	36.3	85.8	157	1	0	1	0	0	1	0	0	1	1	0	0	0	1	0	1	1	0	1	0	0	1	0	0	0	1	1	1	1	0	0	0	0	0	0	0	0	0	0	0	0	0	0	0	0	1	0	0	0	0	0	0	0	0	0	0
262.2	32	13	44	58	176	33	85	68	37	109	23	0	32	0	163	37	30	142	144	41	111	93	172	0	154	3372	58	197.6	33	41.7	1700	4.6	109	0.102	14.2	144	41	39.02	36.3	85.8	154	0	0	0	0	0	1	0	0	1	1	0	0	0	1	0	1	1	0	1	0	0	1	0	0	0	1	1	1	1	0	0	0	0	0	0	0	0	0	0	0	0	0	0	0	0	1	0	0	0	0	0	0	0	0	0	0
263.6	36	13	44	58	176	33	85	68	37	113	40	0	32	0	227	37	30	142	143	46	112	97	171	0	143	3372	58	197.6	33	41.7	1700	4.6	113	0.177	14.2	143	46	39.38	37.9	86.5	143	0	0	1	0	0	1	0	0	1	1	0	0	0	1	1	1	1	0	1	0	0	1	0	0	0	1	1	1	1	0	0	0	0	0	0	0	0	0	0	0	0	0	0	0	0	1	0	0	0	0	0	0	0	0	0	0
265.1	36	13	44	58	176	34	85	68	37	115	181	0	32	0	163	37	30	142	143	51	112	95	171	0	140	3372	58	197.6	34	41.7	1700	4.6	115	0.800	14.2	143	51	39.38	37.1	86.5	140	0	0	1	0	0	1	0	0	1	1	0	0	0	1	0	1	1	0	1	0	0	1	0	0	0	1	1	1	1	0	0	0	0	0	0	0	0	0	0	0	0	0	0	0	0	1	0	0	0	0	0	0	0	0	0	0
266.6	32	13	44	58	176	34	84	67	37	119	23	0	32	0	227	37	30	143	142	55	107	97	171	0	155	3372	58	197.6	34	41.4	1675	4.6	119	0.102	14.3	142	55	37.62	37.9	86.5	155	0	0	0	0	0	1	0	0	1	1	0	0	0	1	1	1	1	0	1	0	0	1	0	0	0	1	1	1	1	0	0	0	0	0	0	0	0	0	0	0	0	0	0	0	0	1	0	0	0	0	0	0	0	0	0	0
268.1	36	13	44	58	176	34	85	68	37	119	11	0	32	0	227	37	30	142	142	61	110	93	171	0	155	3372	58	197.6	34	41.7	1700	4.6	119	0.049	14.2	142	61	38.67	36.3	86.5	155	0	0	1	0	0	1	0	0	1	1	0	0	0	1	1	1	1	0	1	0	0	1	0	0	0	1	1	1	1	0	0	0	0	0	0	0	0	0	0	0	0	0	0	0	0	1	0	0	0	0	0	0	0	0	0	0
269.5	36	13	44	58	176	34	86	68	37	119	171	0	32	0	227	37	30	142	141	66	112	97	171	0	142	3372	58	197.6	34	42.1	1700	4.6	119	0.756	14.2	141	66	39.38	37.9	86.5	142	0	0	1	0	0	1	0	0	1	1	0	0	0	1	1	1	1	0	1	0	0	1	0	0	0	1	1	1	1	0	0	0	0	0	0	0	0	0	0	0	0	0	0	0	0	1	0	0	0	0	0	0	0	0	0	0
271.0	37	13	44	58	175	34	83	68	28	122	180	0	32	0	193	37	26	142	122	69	52	0	171	0	90	3372	58	196.3	34	41.0	1700	0.2	122	0.796	14.2	122	69	18.28	0.0	86.5	90	1	0	1	0	0	1	0	0	1	0	0	0	0	0	1	1	1	0	1	0	0	1	0	0	0	1	0	1	1	0	0	0	0	0	0	0	0	0	0	0	0	0	0	0	0	1	0	0	0	0	0	0	0	0	0	0
272.5	164	13	44	58	175	33	66	61	28	110	15	0	32	0	129	37	26	141	122	70	52	0	170	0	99	3372	58	196.3	33	34.7	1525	0.2	110	0.066	14.1	122	70	18.28	0.0	87.2	99	0	0	1	0	0	1	0	1	1	0	0	0	0	0	0	1	1	0	1	0	0	1	0	0	0	1	0	1	1	0	0	0	0	0	0	0	0	0	0	0	0	0	0	0	0	1	0	0	0	0	0	0	0	0	0	0
273.9	165	13	44	58	175	31	68	57	28	124	9	0	32	0	129	37	26	138	122	70	52	0	170	0	113	3372	58	196.3	31	35.4	1425	0.2	124	0.040	13.8	122	70	18.28	0.0	87.2	113	1	0	1	0	0	1	0	1	1	0	0	0	0	0	0	1	1	0	1	0	0	1	0	0	0	1	0	1	1	0	0	0	0	0	0	0	0	0	0	0	0	0	0	0	0	1	0	0	0	0	0	0	0	0	0	0
275.4	164	13	44	58	174	28	73	54	28	137	11	0	32	0	225	37	26	138	122	72	52	0	170	0	129	3372	58	194.9	28	37.3	1350	0.2	137	0.049	13.8	122	72	18.28	0.0	87.2	129	0	0	1	0	0	1	0	1	1	0	0	0	0	1	1	1	1	0	1	0	0	1	0	0	0	1	0	1	1	0	0	0	0	0	0	0	0	0	0	0	0	0	0	0	0	1	0	0	0	0	0	0	0	0	0	0
276.9	164	13	44	58	174	24	82	47	28	128	14	0	32	0	160	37	26	141	122	74	52	0	170	0	140	3372	58	194.9	24	40.6	1175	0.2	128	0.062	14.1	122	74	18.28	0.0	87.2	140	0	0	1	0	0	1	0	1	0	0	0	0	0	1	0	1	1	0	1	0	0	1	0	0	0	1	0	1	1	0	0	0	0	0	0	0	0	0	0	0	0	0	0	0	0	1	0	0	0	0	0	0	0	0	0	0
278.4	160	13	44	58	174	18	91	43	28	137	7	0	32	0	128	37	26	139	122	74	52	0	170	0	154	3372	58	194.9	18	43.9	1075	0.2	137	0.031	13.9	122	74	18.28	0.0	87.2	154	0	0	0	0	0	1	0	1	0	0	0	0	0	0	0	1	1	0	1	0	0	1	0	0	0	1	0	1	1	0	0	0	0	0	0	0	0	0	0	0	0	0	0	0	0	1	0	0	0	0	0	0	0	0	0	0
279.8	160	13	44	58	174	14	88	46	28	146	184	0	32	0	192	37	26	142	122	75	52	0	170	0	147	3372	58	194.9	14	42.8	1150	0.2	146	0.813	14.2	122	75	18.28	0.0	87.2	147	0	0	0	0	0	1	0	1	0	0	0	0	0	0	1	1	1	0	1	0	0	1	0	0	0	1	0	1	1	0	0	0	0	0	0	0	0	0	0	0	0	0	0	0	0	1	0	0	0	0	0	0	0	0	0	0
281.3	164	13	44	58	174	12	89	45	28	144	24	0	32	0	224	37	26	141	122	77	52	0	170	0	144	3372	58	194.9	12	43.2	1125	0.2	144	0.106	14.1	122	77	18.28	0.0	87.2	144	0	0	1	0	0	1	0	1	0	0	0	0	0	1	1	1	1	0	1	0	0	1	0	0	0	1	0	1	1	0	0	0	0	0	0	0	0	0	0	0	0	0	0	0	0	1	0	0	0	0	0	0	0	0	0	0
282.8	164	13	44	58	174	12	89	44	28	140	13	0	32	0	128	37	26	140	122	79	52	0	170	0	145	3372	58	194.9	12	43.2	1100	0.2	140	0.057	14.0	122	79	18.28	0.0	87.2	145	0	0	1	0	0	1	0	1	0	0	0	0	0	0	0	1	1	0	1	0	0	1	0	0	0	1	0	1	1	0	0	0	0	0	0	0	0	0	0	0	0	0	0	0	0	1	0	0	0	0	0	0	0	0	0	0
284.3	160	13	44	58	174	12	90	45	28	141	23	0	32	0	128	37	26	140	122	81	52	0	169	0	144	3372	58	194.9	12	43.6	1125	0.2	141	0.102	14.0	122	81	18.28	0.0	87.9	144	0	0	0	0	0	1	0	1	0	0	0	0	0	0	0	1	1	0	1	0	0	1	0	0	0	1	0	1	1	0	0	0	0	0	0	0	0	0	0	0	0	0	0	0	0	1	0	0	0	0	0	0	0	0	0	0
285.7	164	13	44	58	174	12	89	44	28	144	73	0	32	0	224	164	26	140	122	83	52	0	169	0	108	3372	58	194.9	12	43.2	1100	0.2	144	0.323	14.0	122	83	18.28	0.0	87.9	108	0	0	1	0	0	1	0	1	0	0	0	0	0	1	1	1	0	0	1	0	0	1	0	1	0	1	0	1	1	0	0	0	0	0	0	0	0	0	0	0	0	0	0	0	0	1	0	0	0	0	0	0	0	0	0	0
287.2	165	13	44	25	174	12	66	46	28	136	198	0	32	0	192	164	26	140	122	83	52	0	169	0	99	3372	25	194.9	12	34.7	1150	0.2	136	0.875	14.0	122	83	18.28	0.0	87.9	99	1	0	1	0	0	1	0	1	0	0	0	0	0	0	1	1	0	0	1	0	0	1	0	1	0	1	0	1	1	0	0	0	0	0	0	0	0	0	0	0	0	0	0	0	0	1	0	0	0	0	0	0	0	0	0	0
288.6	164	13	44	25	174	10	67	43	28	124	176	0	32	0	192	164	26	139	122	84	52	0	169	0	111	3372	25	194.9	10	35.1	1075	0.2	124	0.778	13.9	122	84	18.28	0.0	87.9	111	0	0	1	0	0	1	0	1	0	0	0	0	0	0	1	1	0	0	1	0	0	1	0	1	0	1	0	1	1	0	0	0	0	0	0	0	0	0	0	0	0	0	0	0	0	1	0	0	0	0	0	0	0	0	0	0
290.1	164	13	44	25	174	7	74	40	28	126	13	0	32	0	128	164	26	141	122	84	52	0	169	0	108	3372	25	194.9	7	37.7	1000	0.2	126	0.057	14.1	122	84	18.28	0.0	87.9	108	0	0	1	0	0	1	0	1	0	0	0	0	0	0	0	1	0	0	1	0	0	1	0	1	0	1	0	1	1	0	0	0	0	0	0	0	0	0	0	0	0	0	0	0	0	1	0	0	0	0	0	0	0	0	0	0
291.6	164	13	44	25	174	4	74	39	28	131	11	0	32	0	160	37	26	141	122	87	52	0	169	0	121	3372	25	194.9	4	37.7	975	0.2	131	0.049	14.1	122	87	18.28	0.0	87.9	121	0	0	1	0	0	1	0	1	0	0	0	0	0	1	0	1	1	0	1	0	0	1	0	0	0	1	0	1	1	0	0	0	0	0	0	0	0	0	0	0	0	0	0	0	0	1	0	0	0	0	0	0	0	0	0	0
293.1	160	13	44	58	174	0	91	37	28	126	6	0	32	0	162	39	26	140	122	88	52	0	169	0	153	3372	58	194.9	0	43.9	925	0.2	126	0.027	14.0	122	88	18.28	0.0	87.9	153	0	0	0	0	0	1	0	1	0	1	0	0	0	1	0	1	1	1	1	0	0	1	0	0	0	1	0	1	1	0	0	0	0	0	0	0	0	0	0	0	0	0	0	0	0	1	0	0	0	0	0	0	0	0	0	0
294.5	165	13	44	62	175	2	102	39	28	134	5	0	32	0	128	37	26	140	122	88	52	0	169	0	159	3372	62	196.3	2	48.0	975	0.2	134	0.022	14.0	122	88	18.28	0.0	87.9	159	1	0	1	0	0	1	0	1	0	0	0	0	0	0	0	1	1	0	1	0	0	1	0	0	0	1	0	1	1	0	0	0	0	0	0	0	0	0	0	0	0	0	0	0	0	1	0	0	0	0	0	0	0	0	0	0
296.0	164	13	44	61	175	3	99	41	28	144	9	0	32	0	128	36	26	141	122	88	52	0	169	0	160	3372	61	196.3	3	46.9	1025	0.2	144	0.040	14.1	122	88	18.28	0.0	87.9	160	0	0	1	0	0	1	0	1	0	0	0	0	0	0	0	1	0	0	1	0	0	1	0	0	0	1	0	1	1	0	0	0	0	0	0	0	0	0	0	0	0	0	0	0	0	1	0	0	0	0	0	0	0	0	0	0
297.5	164	13	44	60	175	5	102	41	28	148	19	0	32	0	224	39	26	138	122	91	52	0	168	0	160	3372	60	196.3	5	48.0	1025	0.2	148	0.084	13.8	122	91	18.28	0.0	88.6	160	0	0	1	0	0	1	0	1	0	0	0	0	0	1	1	1	1	1	1	0	0	1	0	0	0	1	0	1	1	0	0	0	0	0	0	0	0	0	0	0	0	0	0	0	0	1	0	0	0	0	0	0	0	0	0	0
299.0	164	13	44	59	175	4	100	40	28	146	12	0	32	0	160	39	26	138	122	92	52	0	168	0	165	3372	59	196.3	4	47.3	1000	0.2	146	0.053	13.8	122	92	18.28	0.0	88.6	165	0	0	1	0	0	1	0	1	0	0	0	0	0	1	0	1	1	1	1	0	0	1	0	0	0	1	0	1	1	0	0	0	0	0	0	0	0	0	0	0	0	0	0	0	0	1	0	0	0	0	0	0	0	0	0	0
300.4	164	13	44	59	175	0	98	40	28	151	166	0	32	0	192	39	26	139	122	93	52	0	168	0	163	3372	59	196.3	0	46.5	1000	0.2	151	0.734	13.9	122	93	18.28	0.0	88.6	163	0	0	1	0	0	1	0	1	0	0	0	0	0	0	1	1	1	1	1	0	0	1	0	0	0	1	0	1	1	0	0	0	0	0	0	0	0	0	0	0	0	0	0	0	0	1	0	0	0	0	0	0	0	0	0	0
301.9	160	13	44	59	175	0	99	40	28	149	148	0	32	0	224	39	26	138	122	96	52	0	168	0	164	3372	59	196.3	0	46.9	1000	0.2	149	0.654	13.8	122	96	18.28	0.0	88.6	164	0	0	0	0	0	1	0	1	0	0	0	0	0	1	1	1	1	1	1	0	0	1	0	0	0	1	0	1	1	0	0	0	0	0	0	0	0	0	0	0	0	0	0	0	0	1	0	0	0	0	0	0	0	0	0	0
303.4	160	13	44	59	175	0	100	40	28	148	163	0	32	0	192	39	26	139	122	98	52	0	168	0	161	3372	59	196.3	0	47.3	1000	0.2	148	0.720	13.9	122	98	18.28	0.0	88.6	161	0	0	0	0	0	1	0	1	0	0	0	0	0	0	1	1	1	1	1	0	0	1	0	0	0	1	0	1	1	0	0	0	0	0	0	0	0	0	0	0	0	0	0	0	0	1	0	0	0	0	0	0	0	0	0	0
304.9	164	13	44	59	176	0	100	40	28	146	15	0	32	0	160	164	26	139	122	101	52	0	168	0	138	3372	59	197.6	0	47.3	1000	0.2	146	0.066	13.9	122	101	18.28	0.0	88.6	138	0	0	1	0	0	1	0	1	0	0	0	0	0	1	0	1	0	0	1	0	0	1	0	1	0	1	0	1	1	0	0	0	0	0	0	0	0	0	0	0	0	0	0	0	0	1	0	0	0	0	0	0	0	0	0	0
306.3	160	13	44	25	176	0	71	46	28	142	196	0	32	0	192	165	26	143	122	101	52	0	168	0	98	3372	25	197.6	0	36.6	1150	0.2	142	0.866	14.3	122	101	18.28	0.0	88.6	98	0	0	0	0	0	1	0	1	0	0	0	0	0	0	1	1	1	0	1	0	0	1	0	1	0	1	0	1	1	0	0	0	0	0	0	0	0	0	0	0	0	0	0	0	0	1	0	0	0	0	0	0	0	0	0	0
307.8	164	13	44	22	176	0	65	43	28	131	191	0	32	0	192	164	26	142	122	101	52	0	168	0	96	3372	22	197.6	0	34.3	1075	0.2	131	0.844	14.2	122	101	18.28	0.0	88.6	96	0	0	1	0	0	1	0	1	0	0	0	0	0	0	1	1	0	0	1	0	0	1	0	1	0	1	0	1	1	0	0	0	0	0	0	0	0	0	0	0	0	0	0	0	0	1	0	0	0	0	0	0	0	0	0	0
309.3	164	13	44	21	176	0	72	39	28	121	140	0	32	0	162	165	26	142	122	102	52	0	168	0	98	3372	21	197.6	0	36.9	975	0.2	121	0.619	14.2	122	102	18.28	0.0	88.6	98	0	0	1	0	0	1	0	1	0	1	0	0	0	1	0	1	1	0	1	0	0	1	0	1	0	1	0	1	1	0	0	0	0	0	0	0	0	0	0	0	0	0	0	0	0	1	0	0	0	0	0	0	0	0	0	0
310.7	160	13	44	22	176	0	69	40	28	118	177	0	32	0	194	165	26	142	122	104	52	0	168	0	108	3372	22	197.6	0	35.8	1000	0.2	118	0.782	14.2	122	104	18.28	0.0	88.6	108	0	0	0	0	0	1	0	1	0	1	0	0	0	0	1	1	1	0	1	0	0	1	0	1	0	1	0	1	1	0	0	0	0	0	0	0	0	0	0	0	0	0	0	0	0	1	0	0	0	0	0	0	0	0	0	0
312.2	160	13	44	23	176	0	72	41	28	120	21	0	32	0	128	167	26	142	122	105	52	0	168	0	101	3372	23	197.6	0	36.9	1025	0.2	120	0.093	14.2	122	105	18.28	0.0	88.6	101	0	0	0	0	0	1	0	1	0	0	0	0	0	0	0	1	1	1	1	0	0	1	0	1	0	1	0	1	1	0	0	0	0	0	0	0	0	0	0	0	0	0	0	0	0	1	0	0	0	0	0	0	0	0	0	0
313.7	160	13	44	23	176	0	72	40	28	122	12	0	32	0	160	167	26	142	122	106	52	0	168	0	100	3372	23	197.6	0	36.9	1000	0.2	122	0.053	14.2	122	106	18.28	0.0	88.6	100	0	0	0	0	0	1	0	1	0	0	0	0	0	1	0	1	1	1	1	0	0	1	0	1	0	1	0	1	1	0	0	0	0	0	0	0	0	0	0	0	0	0	0	0	0	1	0	0	0	0	0	0	0	0	0	0
